1 0 77cdd0f6c3b04b5bbe79fac37c2ae63b 0
1 0 c8a2aa042145402a8c180ca6f467c575 1
1 0 d82e5e4f531841d49bcd6fe7bd8cdf8f 0
1 0 c8e3ba8d611441bebaf146001171af3a 1
1 0 44d7a109cd554b1cb44d2c3867ff7040 1
1 0 58e44787b87844e4a968d6eb1edf94bd 1
1 0 f2ef0e00fdcf42cfa9e4d364c0282379 2
1 0 738975e9b0af48aea9ed9f3f0a101117 1
1 0 35c8638e1fd44b639d8d2bca93bf545f 0
1 0 a4a1509f5859431894dba74120980cd5 0
1 0 830f5ded85ba4d63887224602da11796 2
1 0 0e6fdbb05f5b4ebe96a5aaf860dd9304 2
1 0 4ea7a7b556574771814f9e50d5252cc5 1
1 0 0b9c61100ede42af9877beadb1efb5d7 0
1 0 5a49c1b7478b479ebb164adbc49d66fe 2
1 0 37d53c33110a4231807e71e377f08377 0
1 0 9cf39de35fe944e2b83d91ad03a30cf6 0
1 0 59f02513ed164167acd899288008a031 2
1 0 3cfb8b4296b54caea408463b2581facf 1
1 0 2b2b1a65ef024f82b16246c5a1f11b99 1
1 0 c88ee8508c2648bd8ef81dc52935e6cc 2
1 0 aa31a4d64bbf4accb37f37762307634f 0
1 0 efba881a2b0b4364852252b4144ca8f5 0
1 0 ed2b59af5f1d48daaad3c8235e15ef66 1
1 0 2b0a91e5760b4dd6964305f5b530be9f 0
1 0 b2873e61b2854665b8872f8fc07e9c9f 2
1 0 71a0ea92167b4e8dac094836a31a3867 1
1 0 90a54272ca2646a493b31c341fc550c5 2
1 0 811945474db846b69390d4a4b90a92e2 1
1 0 77cdd0f6c3b04b5bbe79fac37c2ae63b 1
1 0 5fab9e1658d54ae88edf5fb6cdbedcaf 0
1 0 076007e0bcd049a885a464466c057729 0
1 0 905502b03ca24bb888adcc9b441eabd6 0
1 0 7e5b61a8d8fc4a10b910568f6edb6a8a 1
1 0 3cca2583656a4c528dcc6b8213b5bdd7 2
1 0 93689ea1c0ec4272b41d7b259cb47890 1
1 0 243d5d25dac64c06a5e509c8cc7273fb 2
2 0 767f54dde2024f85a739dfd342d7db85 0
2 0 48f6300eacd44222ae83324033166bcb 2
2 0 c32da61dfeed41c5ae04d28033ce1b7f 1
2 0 b10d089dd8e44064b83310eeebe148c5 0
2 0 ff65c3fdfbd6405b84d3a79ae4515b87 0
2 0 34a9c9d3360c40d396a6467c61ede560 0
2 0 574d68afdf82423e8b12bc97573e0343 0
2 0 83dc182644c241a1857b8e7cdd9dfb9a 0
2 0 85044d110e9d425c9b2fa4c27314a860 0
2 0 a9b25287304a4863b65e28b58c8f67df 2
2 0 32290f3ceffd40bf851c8dab3611d450 0
2 0 efc865ca59cd4282ad3ba983084d7373 0
2 0 1d932904edd844fd84a74bf83f915020 0
2 0 9b0d634a21484b5288f3e70203cb30a3 0
2 0 193d487153364521bdebf022bdc56caa 0
2 0 2b902ca479734ce7a0cb6eb9664ca078 0
2 0 5c29c66c96394a59b1ae63c56c9813c7 0
2 0 86d3044d376440bca0ee1e0c20fe1459 0
2 0 27f7ef97e08a41b48637751c38978d2f 0
2 0 4a0bc6c29c8d4ac995941d8294e05d21 0
2 0 35a2d3e61b784b2cbab3e9f1615b1ca4 0
2 0 ab99411c25fa45ef844d620ead943ba0 0
2 0 6cd842680cec40da8d189a0bb61d914e 0
3 0 7124eeb533924ac3b2d76e27b14acf5a 1
3 0 ec742a5f53bf4c6db7aafdc361afbf61 0
3 0 6d9275f065cf4818bf57b38db4817870 0
3 0 1b85bcbd61624d669d6c0acac9ad4b98 1
3 0 da9ec234ec4e43fd984bb283bf3dd318 1
3 0 2e54ded87f644883a3584a0243c51e20 1
3 0 06c8038c50714812ae1fb562865444a1 0
3 0 86ab497754404406b7a1ed3c03ce9cfb 1
3 0 eca87469c0da40fa87618ef2a6701761 0
3 0 ba5d415a2a8347ee9dc80dfae68b1652 1
3 0 860e8c990e314bf4b9ab267ae4272844 0
3 0 b9db7dc0346b47628563c504d5600e6c 0
3 0 1034d422a9154fd09d1ef847809c4d88 1
3 0 ed26e8df2ee94364943c27725354d2f4 0
3 0 9099d3d49f454d00ab25a060efceabcd 0
3 0 69153b48fc8a49d0b25288ff437c3710 1
3 0 f449e7fd662e4a5f8f46fe67a20f2a85 1
3 0 45b35de6fc3c4e18a022f3da33902aee 0
3 0 37ec28e588c14146a45107efa61f19bc 2
3 0 f8b20317133943868946503d63a215d3 0
3 0 6a7d04e19d5c4c589749780c39dab51f 0
3 0 67da115158634198a98484a678f6cb56 0
3 0 42f8dede7c1a4818a7d91ac2b4486094 0
3 0 f3e714bd8f184d5a808a26f6ae032571 1
3 0 956d50deed2443debe6157dc6aa46915 1
4 0 7124eeb533924ac3b2d76e27b14acf5a 1
4 0 ec742a5f53bf4c6db7aafdc361afbf61 0
4 0 6d9275f065cf4818bf57b38db4817870 0
4 0 1b85bcbd61624d669d6c0acac9ad4b98 1
4 0 da9ec234ec4e43fd984bb283bf3dd318 1
4 0 2e54ded87f644883a3584a0243c51e20 1
4 0 06c8038c50714812ae1fb562865444a1 0
4 0 86ab497754404406b7a1ed3c03ce9cfb 1
4 0 eca87469c0da40fa87618ef2a6701761 0
4 0 ba5d415a2a8347ee9dc80dfae68b1652 1
4 0 860e8c990e314bf4b9ab267ae4272844 0
4 0 b9db7dc0346b47628563c504d5600e6c 0
4 0 1034d422a9154fd09d1ef847809c4d88 1
4 0 ed26e8df2ee94364943c27725354d2f4 0
4 0 9099d3d49f454d00ab25a060efceabcd 0
4 0 69153b48fc8a49d0b25288ff437c3710 1
4 0 f449e7fd662e4a5f8f46fe67a20f2a85 1
4 0 45b35de6fc3c4e18a022f3da33902aee 0
4 0 37ec28e588c14146a45107efa61f19bc 2
4 0 f8b20317133943868946503d63a215d3 0
4 0 6a7d04e19d5c4c589749780c39dab51f 0
4 0 67da115158634198a98484a678f6cb56 0
4 0 42f8dede7c1a4818a7d91ac2b4486094 0
4 0 f3e714bd8f184d5a808a26f6ae032571 1
4 0 956d50deed2443debe6157dc6aa46915 1
5 0 d40775523c5a4b2497f6489c872265c6 1
5 0 e3068c1057994d489e176dcc42ae78f8 2
5 0 29d6e980160f448c8e330eb94da1fa63 2
5 0 eb80e423fa8f4e13bb3c9644857f0dc5 2
5 0 2579a7698c69434fbced3c967737c951 0
5 0 6a4c7b91de744cd1bf5c57af23a71863 1
5 0 c7b22c0f214b4c469be872df86f67f2b 1
5 0 68768a75c29d43be81a6765594d3ba70 2
5 0 49b65e6f47664e7a96992aac5cac8de4 2
5 0 f2bf8281357945f49215a75c5883f1d1 1
5 0 6a8ebcd3c4b043a1991e13edf941e705 2
5 0 206a4c1896f14b36b8b0d9cb6be40d04 1
5 0 3f9e5780f8974f64a6a6684f59f1ce3c 2
5 0 265a124bc2294b969342fbb595e7379d 2
5 0 c6d4149c216043dfb5a4481287a64289 1
5 0 5739d32d96324f08bf98bdde98eeb2cb 0
5 0 b8bfd61d82904e0c947e33550ed299ac 1
5 0 5842f88c083b4c4fa9aca91d0142d2ad 1
5 0 98b9b317363840a6a734557d02a92ccc 2
5 0 2f68c59998594c2286b3cea018c8dd99 2
5 0 69bd701db0be4cc48bcc1c8a49923441 0
5 0 39955be4c19e4024b47cd0d9626bff0d 2
5 0 55fe03777f0a47c19ff854456e169214 1
5 0 bd7e1cf2cc1f40009c03ba6c7d4f9dea 2
5 0 7b1895fbca6948afa39a614b6b2ff471 2
5 0 f465b340f4504a8b84e20dc3e307699a 2
5 0 522152e235954f8ebcb4059bd86184fa 0
5 0 48515a541041417f851fbd64fe9c9680 1
5 0 ed6257e4df604d52b1a16f7965a1bac2 2
5 0 6cafb593d31048dd835b465b65bc5d95 0
5 0 8228edeaddca434d8f795450593fa982 0
5 0 1f46c2c2ea824908b755d65d1491f95a 0
5 0 2512bf09c2e74836b03fcfa38549c33a 1
5 0 d7bdb83d789a4f0ba9b005864bfe1ecb 2
5 0 dd6a03a5604e4297b9006bfd92c414b9 0
5 0 f07deef788304e0a87c92341995e5c2c 1
5 0 5989d5dc4599493da348a37369aaac98 0
5 0 8180b99992b34e2ab0813e50222884ba 0
5 0 c4ddc999623c4c738d0f0413eaabfa8a 1
5 0 f4fe45210ddc418ebd94b61e572e81b9 1
5 0 44cb123878434faea075424720f89016 0
5 0 afba307cc821446781f06014b47a9442 2
5 0 a3b254dcb09046ce93b1cec9d778bba0 1
5 0 9c0c6428d96c4f399898ed5fa4c13897 0
5 0 7134e8aafc4c483d8dc1ecf99fb436a9 1
5 0 be7c89f34e544a59abfd2cde70d5a9a1 1
5 0 c64c3969311f4a86bd872eb620e85872 0
5 0 53c2f695938b4c18a13569824b1126a8 2
6 0 79a02495f32e46a9975e2f0501611754 2
6 0 6503d3b7e8d746c1bd183315886a6191 1
6 0 b2df2120377f47128c94a4ed9774bb5e 1
6 0 0cb1b49d80f444098a2b5a27e0454ce9 0
6 0 c587d190cef148b0a2cffab86fb51822 1
6 0 70efe3b400f64b9695eb8de3d93b8a3e 0
6 0 095fb11ad83240eba816c480fa7831bd 1
6 0 25855d11f6604932b9c3e798b993e637 1
6 0 29d2974563f049ea8e980afe06ea7b4b 2
6 0 079e98d0f3204d1caca0d4eba3a86963 2
7 0 02cd6a52f92847d491ef13d36f42b2a6 0
7 0 77ffcf2918ee4652a70225ddc8308fd3 0
7 0 2f9ec90c37ce44008f95fea4d3424fdb 1
7 0 2357bd4bfba440cfbe6d86c66211ea63 1
7 0 6398697e9e4c4b7a82507eb542978a7c 1
7 0 189de0f939264d6ab1837895820d4523 0
7 0 194273087d0e4aa6930931fbdd51c64a 1
7 0 a2bd7f5fce2a483282e296b8c0325928 0
7 0 ad5c1a75ba0b47e58fcdfef8471a2cf7 0
7 0 56d1b8dd288c47a0b6646c380ec24369 1
7 0 1b2c4fdbe9c64f029a41e061e7d8d984 0
7 0 69bc7257d41c42ba9f119fe9bdde9db8 0
7 0 2f652ce0c0cf4a86a4a956875d52c26f 1
7 0 4062c6ba0db54f89b46a6d2a1cf6dd82 0
7 0 51518491a72a4c13af0482f51357b73c 1
7 0 b2434f1e3133458eafda20d839efa56f 0
7 0 eb2a13b00b7c4a14a4ae7d2d06720b78 0
7 0 774e9cd59abb48d3a2687f0dc25f7156 0
7 0 f87176ca01b14d82b6795aa9985f0d24 0
7 0 7e662f6f6de14b51ae64835db6a75b06 2
7 0 14383641f5b64feaa99c2749eb91e116 2
7 0 9f15436f985e4ecca380252ecc0d6ab1 0
7 0 d2b21431893a4ffaa6bb6f1881ccf08a 1
7 0 0467b907dc3b48099838dad4b72ec2ed 0
7 0 9374abfc37a244f7b730f3b72a89af30 0
7 0 e2e64b310db04734a1a9e42296e3c968 1
7 0 61aa9e2ba95d462d81c605aa84e167d8 2
7 0 5c9dd5f3132f43f699465526795c165d 1
7 0 429bd917e54b40dc86d3812a057d6dc9 1
7 0 14c5e1e807e34d03a4bcfd5b8f917832 0
7 0 7168d718b4a74d67a435ce9d43709325 0
7 0 d6787590b6c1416f984925e81b87891c 0
7 0 6a26cfcfc618424d821e4618ff9445a6 0
7 0 57f3c67a83664d5f822834288e1b0724 0
7 0 1fb17c360d7a4332a91ff0d30c2f9f3d 0
7 0 ac6f6f6508e94ae5a88e6c0c13ef189d 1
7 0 815e9f8e2ccd441491e7b1c1f2a05d49 0
7 0 ff288866c5d242ec8f73ac36706e9471 1
8 0 6d681f53d98848c1b0d0eb821c784942 2
8 0 f8aba16e01ba4ca18d831a539f0a324c 2
8 0 e800b727c5ff4395900c3078ed2752e6 2
8 0 1179735fff244ced9468e0f8d0d28cd6 0
8 0 71b8acf3a6164762a2b044e8e763f05f 2
8 0 93dd30c221444646886d31cb21163e03 0
8 0 f5bc14d65efe49cd97ad363d6a7c650f 0
8 0 e14e307614fd4492af90d62a873bbb4d 0
8 0 11c4c5258e8945309209c7156c24d3e0 2
8 0 bc7e8ba1666a45c290fd0b53a6f61381 0
8 0 351660e7d69e49ef83b4e12869150098 0
8 0 2512bf09c2e74836b03fcfa38549c33a 1
8 0 0b4f3b3fb3f3455cac18d6a95d9e5e70 0
8 0 7b8dbd159ba44b0d99359bb901dd1211 1
8 0 51c31f225c384a8096c2ea0cd3cae8e6 0
8 0 3c5bbc197c9d4f199a53f0da34d24bae 0
8 0 ddfbc3d434094774b50dcba7e73ae109 0
8 0 2e4ca5406c564a0f8b493d648f07939a 0
8 0 9dcf004fe4f74fa9af58f56facca480a 1
8 0 42f438e9574f4dcba4108fd9a9f8ced1 0
9 0 e18bed3e7b7b4a7d9c806478e27cddc7 0
9 0 de283ca983c7465ab92aaa0e74fb9596 1
9 0 8a2d985e6a9546dbaad28ae36d62ba49 1
9 0 323b28e834e74980ab47e1b65368cfc8 0
9 0 bc4f650f46a049ddac90213be4f09d0e 0
9 0 6346841f87a142c2a632784fd258cdea 1
9 0 5a2699f65d91462298bb1c37b6ab994c 0
9 0 882377f6035e40499edc905191df2263 1
9 0 4d6517b644b74c0399c9301d187701c6 2
9 0 ee6715f1db80435390670d859eb42893 0
9 0 b5f9762ae1764b4f80d590c49d4d74a8 0
9 0 34b0708129264d01b0a0c701c6e907c4 0
9 0 aaa6d8ece8d84de6b795ace94467c916 1
9 0 116bff54e21e462496b3edf0b6a82df3 2
9 0 e18bed3e7b7b4a7d9c806478e27cddc7 0
9 0 202ed299041c4889850725d8b8524379 2
9 0 046d4db0fe7f47ec920afa1961491e4b 1
9 0 fdfd2ff89afd4a62b5e3f9e2ce04f6f8 0
9 0 9ccc51f82c944323a158e258d65a7d01 0
9 0 02fc6dea79024625a0df75fc5c7c3c6c 0
9 0 256680082db14831ac9516abcd5ae584 2
9 0 3e0d033be8854200b2587047a59a9bc1 2
9 0 ce74e5a1a6a94ba7ababd680a5f1b349 2
9 0 3fd7806d5f3b4b3da2aeb8d7811573d4 2
9 0 231baf37bfc941cc8afe6e9ac311aef8 0
9 0 89991524bbbf45e99718b86f40cba23f 0
9 0 eed75a779e7849d2af459d6234ace23b 1
9 0 f1e918e8736f4b82bf677b3d60b4352f 2
9 0 4749ede1be624366a50a20b599baefce 0
9 0 30ccd09b4fe946efb4e7a2deba49fedd 1
9 0 bd70d346cc7343bb852aa886e4f644bd 1
9 0 a552acfd164946d39f2adeefa6e1428f 1
9 0 8af8aee654f1467da7493da72c6746d6 1
9 0 6697565e2319427d8ae4fca88aeb2cfe 2
9 0 a127fcc32cae4556b3f9cb816d064049 0
9 0 689b60b0155140a39429ece1c05efa59 1
9 0 aa45f838a7164ade8eec15a5a75405a0 0
9 0 2113acf4f373410895f116583406362f 1
9 0 aa196c1689ba41e98c8a2a7fdb6ec947 1
9 0 b7d63b287cc5415d91740c9c0e15275f 2
9 0 be90e834297f4db88319ddcff9ee98e7 0
9 0 9ffc2553678d4372a329524ea974eb6d 0
9 0 5984d60f99c1499e928ea4ead74aee92 2
9 0 baebd8c6282246ac8b54ee69836bc6a1 1
9 0 e88950d2a3784721b573af82ddae2156 2
9 0 bb95094868e441b589501592aed413ed 0
9 0 8bb945fc67f84456bd4f04f401b976d1 1
9 0 d4eda67ddd874c0daf87926523785d4a 1
9 0 cd61bec5636b4e10b4a609936edcd09d 0
9 0 9d7dfe70bf4045b08c00f1b6c911b65a 1
9 0 fd92c6d4484848d991b24541181e46ac 1
9 0 b6e2ad45ccca4aafb40fed1747876a58 1
9 0 d60dbbf8e23d448f80c6644db0fd3f1f 2
9 0 b2f13192d522425f990a45bd7ef12282 0
9 0 a0d08af8309344499a7fd99bee32b1c3 2
9 0 9563955fe1d346b2b3652b109dc5b1d7 2
9 0 b5298563148e421ca8dfa22f1646ebed 1
9 0 031e9d209fe74506920073c0a86f3785 2
10 0 a5c33f900e1246d99563e959c7cffe2c 0
10 0 f24223162682439aa15a946a0f64d9e2 1
10 0 edf2a26d48af4e10b9ccdfd9abba43a3 0
10 0 b74a5bc7d62a460b8f320798f71f68a6 2
10 0 4023358b3b824f30be07e017738e6075 1
10 0 aaa6d8ece8d84de6b795ace94467c916 1
10 0 07353522ca38432793312a5f8d597f6d 0
10 0 353c2c7e14ad4684886f2fd93b48ceb4 0
10 0 79dcf7fafa384770b219cbda8d515191 0
10 0 dd0e03193afd4b20981d7daf32574f41 2
10 0 4d923d1fbf1c499f9763e7a63432a375 1
10 0 e8d9ccefa28f4d9ca57fcf3d565d33ea 2
10 0 212d3d1ae72741f790612b14dc7a8da0 0
10 0 0f590070825043c79d50e5b4fc059740 0
10 0 a8a26a46a58e407fbada173fb455c851 2
10 0 e58f43efe1574f86be6131b4ed05aca4 0
10 0 0ab8bde389d74b6387c6228ce08a494a 0
10 0 3a4cdc1509f04381a0b84a6b103aa189 0
10 0 61bbfc4cd01b4c12b321968c4ab823e0 1
10 0 c64044ee9ed749398441886db05c8d5c 2
10 0 d0e64839e0804bc3a8455d527354238e 0
10 0 230266b4ac8a4e0c9cb74a7bffd3bbe6 0
10 0 82840d86c5fa40a0816cf77bbaea7eb9 2
10 0 b1e9d41c4e1042e7913a1dfb2e547632 0
10 0 ceefeabc761746269644fe7fe958fd96 0
10 0 475b1bc37a964723a866c14822a1a9df 1
10 0 011615ab614749f4a9a585254d65bd20 1
10 0 d2ff200c9426468abedfec2d55ef7c3e 0
11 0 e54d1496aabd41fe8914123631a5f63f 2
11 0 934b5d45c47a44dab2eba7f81b750885 2
11 0 8cccf65c62d4458cb6934a2c678cf630 2
11 0 c068a1961184473ca0ee0d907fb755ca 2
11 0 dd4840b155ca4c7d91ba20b3d8c82cea 2
11 0 304d490b8a0d4f86ae79192499b14a16 2
11 0 a033dff2822b4e319a6c203f45e8aaab 2
11 0 fc488277067244c9b64baca2b0b954eb 2
11 0 45491491dab14032934b39f04a9842a7 2
11 0 e4e46c5e176846b9ad4011bbbdb1ec25 2
11 0 2b73a066c03d449a85f47237ea7b8b29 1
11 0 466d397cac4c4184837c358a97e93296 1
11 0 2320761f7fc04351980ba2aced39052f 2
11 0 2323b993b5364e3badc31578529da6f6 2
11 0 aef0e2d9367b43719cf10ed89a132e05 2
11 0 c5d16e147bcd4762a4c6decc28aff6e3 2
11 0 3ec86c1ba7cb4ab087ec11551e36bb7c 2
11 0 25e5dc9bb82f47a98ce80e8e824d2873 1
11 0 fea003bbcb2d4406979d02a5f090e865 2
11 0 003a2ff242ec4a0480ce0ea5cc56c82e 2
11 0 ad33b9f96f274b8592f8d1816caabb25 1
12 0 b410cd5f2d904933a41564f57e82e694 2
12 0 77ba399066324253bab244a40560dc6e 2
12 0 8169e1fbc12644daa3661b554abfdd7e 2
12 0 9061a7d00c5f43d7b449429f60e10dca 2
12 0 97ce97f83b21476293ddbf8c64a69be5 1
12 0 23b161c4c9c34d21b73e3a8e1176c172 2
12 0 7de065f0638047fc8e314c8b81a43aac 2
12 0 50b22c87031a459495e1a9a6647a181f 2
12 0 c7bf126563264325b1f82ee49213855f 1
12 0 ccbb2774000b4adfb1d408b5fe3156ce 2
12 0 8065d5280d79404e8d45d21da5060de2 2
12 0 1202374cf3a640439f924b8956b486d7 2
12 0 1c7dee99b3f94c29b31f0f9576b3c5ef 1
12 0 527da37320224a27a37c93f125731db9 2
12 0 ccae067a5725493e845e1a285aaeac27 2
12 0 4fa61a04f3ad4149b28e214780de7ae0 2
12 0 582507fd9ca7438b8c009329248a2280 2
12 0 6401d0e78c32481c9b900bb204888796 2
12 0 c4539b8b029c40dcaddf2ddf6ba22b29 2
12 0 c2312cfed496429c8ba289c466d721ee 2
12 0 d2dfc69e2c4d4d38a8d02f56f25ed7fb 2
12 0 f593e1b4144f4faab765aa9240aa0df7 1
12 0 d43c2b6147bd4b14a387f2f646a8fd60 1
12 0 23113cb6481142c08552b34bb8108062 1
12 0 e020d81b63de4d82a395c37b0ba619a6 2
12 0 50ef122a45394a9a8fb362927f190a39 2
12 0 e8653177217b4dbda0e9371de924675a 2
12 0 16e152ac8d084012a039e6fc840f27b6 1
12 0 9061a7d00c5f43d7b449429f60e10dca 1
12 0 50ef122a45394a9a8fb362927f190a39 2
12 0 f593e1b4144f4faab765aa9240aa0df7 1
12 0 582507fd9ca7438b8c009329248a2280 2
12 0 77ba399066324253bab244a40560dc6e 2
12 0 50b22c87031a459495e1a9a6647a181f 2
12 0 ccbb2774000b4adfb1d408b5fe3156ce 2
12 0 b410cd5f2d904933a41564f57e82e694 1
12 0 904f1a7f81bc4f0c9a5af76dcb97a8eb 1
12 0 e020d81b63de4d82a395c37b0ba619a6 2
12 0 6401d0e78c32481c9b900bb204888796 1
13 0 75d55970c0ac4b969d9cf9932303a23d 1
13 0 41af5f531ad04a188a713b52445382b6 2
13 0 94e6df39abe94111a8586681c4d98959 2
13 0 bf225f2a75fb43e6a0d2c6da620fc05f 2
13 0 77ba399066324253bab244a40560dc6e 2
13 0 6850c60bfa534a619700fd6d355663f3 2
13 0 9916a6f5f6794da7b98d2250108c546f 2
13 0 23b161c4c9c34d21b73e3a8e1176c172 2
13 0 3b426dd868e1458eacc3c9fe8fe489e5 2
13 0 50b22c87031a459495e1a9a6647a181f 2
13 0 446a2359a1944f19a606536b6ebc2051 1
13 0 fa974baf472e4443abafc3523d6e58fb 2
13 0 38f9572c4a894934a1d250f0d29b7e0f 2
13 0 b1cdf4bc11bf4d67a355b261dcbe5f78 0
13 0 527da37320224a27a37c93f125731db9 2
13 0 63d29774b5144d0eab385e69e9c563ae 1
13 0 cf351c6c769e43b394f091044110ffcd 1
13 0 7aba6942897447a7a745366500a7826b 2
13 0 46fc590f9a31446ea40c79c7a1f29b4d 1
13 0 cedca9948afc4417b7de8d991a8c0f42 1
13 0 b35b69a6647644f694c3aed2efd529d1 1
13 0 481760b5bc0d44c5b48d94323a3f7330 2
13 0 ef6d9912936947109fe26c93aed68682 1
13 0 6401d0e78c32481c9b900bb204888796 2
13 0 12a8c8392d364ffba68b7c58aa32cf99 1
13 0 6215ba451c7349a5a8056353a2969472 2
13 0 f593e1b4144f4faab765aa9240aa0df7 1
13 0 2857cffa539d414783b41ff48bf372e5 2
13 0 f71cd8fbe3dd43dda47c8bff79a40e3a 1
13 0 340c35086579401aa090a995e8cc6fb8 2
13 0 50ef122a45394a9a8fb362927f190a39 2
13 0 e8653177217b4dbda0e9371de924675a 2
13 0 8ce694982966448294261644fcea2b73 2
13 0 6215ba451c7349a5a8056353a2969472 2
13 0 41af5f531ad04a188a713b52445382b6 2
13 0 6850c60bfa534a619700fd6d355663f3 1
13 0 bf225f2a75fb43e6a0d2c6da620fc05f 2
13 0 50ef122a45394a9a8fb362927f190a39 2
13 0 f593e1b4144f4faab765aa9240aa0df7 1
13 0 77ba399066324253bab244a40560dc6e 2
13 0 50b22c87031a459495e1a9a6647a181f 2
13 0 9916a6f5f6794da7b98d2250108c546f 2
13 0 75d55970c0ac4b969d9cf9932303a23d 1
13 0 6401d0e78c32481c9b900bb204888796 1
14 0 51680b299e2c4d90a81259afd5c491b0 0
14 0 4545b63a39d04d45aa68b882f392e14d 1
14 0 87695083e7124f329de49790a04c0f35 1
14 0 078473b0af9345a8811f0f52cc73d4ad 0
14 0 148f600c9d034a9b905099716d5f9b71 0
14 0 c21589174bfe4abea83d5dcea2445eee 1
14 0 e888edc038c1431aba57fb8d15377e13 2
14 0 587cfaa00e444b5f9b2f00ebe5651d6c 1
14 0 59cd23d407914742943a9cfcd8c942af 1
14 0 00bcc9d91a6347e8beb6ddea93a065de 2
14 0 13141abd866d45bba6b9316e41ecebf7 1
14 0 6977cb1d52624a95b929af3faa8dd5cd 1
14 0 9b5b6060d027400bafadc1f763b95304 1
14 0 8afaa7df8115475d8fcb5376a2af2782 1
14 0 55f4eeed2d75461cb7d69f2bf29184d7 2
14 0 d87ff84b58b04f60ae3778a289c8f557 1
14 0 a30fe4584b7145b0ac372314aabee634 1
14 0 fabcb5d2165045fbb092bbde96088cd6 1
14 0 d2e7c2015a2d4e5c82c1b11ebf7acdbe 1
14 0 60f810f6831f406b9356a694ca09f20a 0
14 0 8c1f778b9b7a4b8e85249a2db30e7a6b 0
14 0 a858a5882eae4797a74aea9c477c7375 0
14 0 820352855bdb4702996af64c9f8184ba 1
14 0 4e8f4c17021c40b19180c926ba22a60b 0
14 0 1135005493fc4bd38e780e8a3aa2e0a8 0
14 0 130375aca40d4376839f3e344fe22961 0
14 0 64f6a3d1645f415cb2e981842b166d44 2
14 0 a2d9f82eecc8470698bbd7591e82b2fe 0
14 0 34506610bf0e49b1b6cbb38239fc2956 1
14 0 6604097a727d4c37a8fece44ebed50b4 1
14 0 3ea40a85824f430b8a3d72f735180d78 1
14 0 8c28cf7d57fd427e92705e9eb33b8883 0
14 0 beca860846894748833fd6ebca6b9158 0
14 0 7b774a99fe1d4fa68aea7f93c4706a53 1
14 0 4687679c7fd844ab8e956b005bb60c2f 1
14 0 00a81505379b4aa2b9ce837787adb6bd 0
14 0 0f48841ef9014948a2349a799e0f62f2 2
14 0 82ae2fafc1e04e61801d5886ca09f133 0
14 0 e1c8d20634cc4d10a2696c3b5218f53a 1
14 0 8f28edd90acd4f0a88fca1a9d82c9d32 1
14 0 1e048d3430be41e09dc0d1ce6f81812d 1
14 0 7388d7e45d6e4ce391915bd0f1c146b1 1
14 0 7fe2aebf0a9640569f647abc6564b8fa 0
14 0 f7aee3e751df4b5aaefbdbdfdd8667cb 1
14 0 5202a34bcca342b9addc43f01e193888 0
14 0 3f0a7f2bf10f4274a3ff23f3ca410c0f 0
14 0 9e67fbde4d924b799f84399714445b51 0
14 0 c3e65fd3e7564e6d9400dd1ddf5dbfb9 1
14 0 d212f77647e948aba02b058ba803f2cc 0
14 0 67c57d5d42184bcf87f0daada6ab8cd8 2
14 0 cc528065f76c4e89b332028eb3e1d5c8 0
14 0 fc85d05e6d8644efbd7b33a8c9132a1a 0
14 0 122a7ab2c5aa48329f2ee8d543f630d2 2
14 0 55a47b11049e4f5882648fdc48e614ce 1
14 0 4df09766d90e4100832c03e00e83c739 0
14 0 9bfd69a016e34212a2c3216fbdd05749 0
14 0 69ac608b4cd14efba952690510ef1e8f 0
14 0 72c633533cf747ecaa6602ae0dd10f00 0
14 0 f71a2fa2fbab4aacb477c6b93f47cb59 1
14 0 2a1d8c7cbaa843ca825e90660212736b 0
14 0 eb03eb5aeb194bc5b6f9a67846a9a79a 0
14 0 5e026171e0764137a94f6c2796b39e5d 0
14 0 738623d6daa0412f8ff8b809e1079a75 0
14 0 6d39234cd20d46989480ebbbfe0407b1 0
14 0 a764e936cb5c4932825b209e8a50a8aa 0
14 0 6c15a809463d4edf9d558518f0689b30 2
14 0 75cb29c685544c8d9b5b71efbc74c5fa 0
14 0 02d091dea3414f50aa23d19fec250858 1
14 0 1d61f8deb30a4836a38e73747746bc72 0
14 0 2a7c867a93e546b697c0085cc809b526 1
15 0 980c856b6fee4f378cf2821bb1380d79 0
15 0 e7b48202114a49918d5e1f6dac3f9fee 0
15 0 df70d71df9c04d30a6abd20f2b2fb22a 1
15 0 2d9c484c45074b6881c94f901b64bc23 1
15 0 e8166accf7db4807b6a596bd55f2572d 0
15 0 9e212fe08f54457186c7198c1da5aa59 2
15 0 d6533ce50fd94b95958aa6f0a998f6d8 0
15 0 3347f9767d9d410b883dbec3bc92ed0d 1
15 0 1891c3e6b10b492eaf728aa3f82fb790 0
15 0 1b2e3e8190224fb99824efe37918d829 0
15 0 bcb4bb8d25ab482b81e9fe51d0824092 2
15 0 de0fc5972f8f4e2a8ec3e99a49656590 0
15 0 233d49f6728d4e6eb94643b50f31704b 1
15 0 f6e80b6e546543c4a4dd40f13a417987 0
15 0 cab264e28f004399a9ce4ab33a70ca65 0
15 0 4b6898303d0244c18ddf9e02aa8ffeb9 2
15 0 0fdd0165447742088125abc692f2b9d0 0
15 0 446873a493f342c0bd464b571e004ed2 2
15 0 38c4faf96f0a44ba9a4b429e78888731 0
15 0 9469c2ca2e5641799d785bd5123da216 1
15 0 103b42441931432083d4b64bcaa8cc00 2
15 0 c6519a16eec74fe4b9a6a97ff3bfc590 1
15 0 6f8ca8247fce4c98b65ada0e1a4cfad0 0
15 0 4b96baed4053403bad23b330562da664 0
15 0 9e5fd2b252ba47ef899487e2d46e7dde 0
15 0 011f2d15eaf24cae9fa91666fd108458 0
15 0 5464dfecf49f43a3b7b845ac9337db00 1
15 0 0f2a4a5141a64566ad762a7959577aff 2
15 0 abefbc3fe2584018a38331cea493de95 0
15 0 d35ccfcda0c84b74acd2c995bcccae1e 0
15 0 055a5110638b4d57bcbe7fa1adba8500 0
15 0 26467ce469054968a46e60a9852b1b3b 0
15 0 7a2ea7299ed842149e439be950ed070d 1
15 0 71ed7aafcbf549549baf9f2e438c04a0 0
15 0 8ffb038e54b84f94aeb03e26e5a9e967 0
15 0 9150c24af7824afaae2cbfa6f594d313 0
15 0 edefde0fcfb4404fad461729a1575cce 2
15 0 daa1ac985db547e98d87da7be4bbbb06 0
15 0 7724ec609d564fa5bfea633ff321fb8f 0
15 0 13eb2ffb166b4d4da3fa50ba49a784ca 1
15 0 dd2e6cb8a8fe4e4fb92b47fb2fea535f 1
15 0 0c0623a538e842a6b64eb8efbe304b3f 2
15 0 0a71c4b6235b4cc2b2f71080cc1bb6d1 0
15 0 ab8433e4c9ad406abe0813f87890f2cb 0
15 0 0eb666f9d4b94ad29c78076ef329262f 2
15 0 abf4f09c15364084bca73be5b5788e73 2
15 0 785d82f6d995495baac1586e2f92e7ba 2
15 0 769d19d6d2c1455cafff4dc39813af7c 0
15 0 7ad04af50f2b4ec094c8d3b2a7890ec0 0
15 0 3ecff7d2ad8f4961a140f9e65fb7d336 1
15 0 803d9603d864477e881a95e6361455fe 2
15 0 635461b888c54f18912a815a21b8b75e 1
15 0 1875bb972f624df7af45a32e9998653d 0
15 0 988c0ff4f9244a89939cf406f44267c8 0
15 0 3cd906efb7a24dbfade7214b87ebf365 0
15 0 fc41c9bb10be47f8a3beb3ec3e33fc53 2
15 0 102463237fc9478ea8c107772539cdf9 0
15 0 fa257ddab3b24b6981dbef6d5937f6a4 2
16 0 613bc7f5483e499a87002ae8146d5e47 1
16 0 20f2a928cf384402b771ed6c4754418b 2
16 0 ca77c4eead7e45b89592857e4903c9b7 1
16 0 bc3c45c4a7ea454b93ebfa65c5787a24 0
16 0 e487e16f926d47a99522cbfed00fd158 1
16 0 f4f4bcd9c74149aab66c6a263d88c1e1 2
16 0 bab0e32d108c4fac8238e1e729dbb918 1
16 0 34a3010fcb1147e8a54c186765bb6ee4 1
16 0 1e634d6890e7419d9dc287dbf89980ff 1
16 0 35b11b521b2641a4922fc3dc2bbf8292 1
16 0 ed685d394514410980a7ac518f5dbfde 1
16 0 86038800d5294759acba764f10d9eed3 2
16 0 64f6a3d1645f415cb2e981842b166d44 2
16 0 e7884eac7e174ae8bb162e1a07096ac5 1
16 0 7d9b6493093641e8b3efa0faaa7ff2fa 2
16 0 341d2fd40fcb4b75923ea633c4194b81 0
16 0 8ffefbacd9204c10a12ccc6b6eeb7ba6 2
16 0 c917f0d4fe634f46a75e34b65a30cf04 2
16 0 a05149c969d14299900fe0eafd47f0bf 1
16 0 06ab0bbcb2704c97a6b2072b5bd14267 0
16 0 67c57d5d42184bcf87f0daada6ab8cd8 2
16 0 4bdcf4ff256f4963b120080c4727a0fa 1
16 0 e196d194f99a43f29a33e21fe8d48957 0
16 0 f43dcb18ed004de5a0b4de60a5bd1e98 2
16 0 592bb534fe61475e8994be86e6def6f5 1
16 0 3e9a6d1f391248b8978c514fc5c81983 0
16 0 f1f536a0864b456da149e5652b1acd01 0
16 0 4c1ed16dd298488290b982ea20f0e1e2 1
16 0 470067a4eaad4a5ea733e43e54ea34f8 0
16 0 ef99ae18b3d740d78aa622b15514117e 1
16 0 6f178961d864437f879da77775ce2a10 2
16 0 fc8fc425735640b985f298c9a4f9b338 0
16 0 cdd88887a31d4fafa1f29b9dc18c19a5 1
16 0 93e85dbf4526400098975dd42d93c6a4 2
16 0 650be5708beb41afbf06bf557ff560aa 2
16 0 c18f77ed4a824cf6bd693fbb07e4e17b 2
16 0 6c15a809463d4edf9d558518f0689b30 2
16 0 633cb6011b4e4206a2445b10bcd75a80 0
16 0 f425205498e240839ff0785e147ae963 1
16 0 f83d164c09d64af48f9a9974bf9dcaca 2
16 0 62e7ae64fe9c4f8ca63202e05795a754 0
16 0 4c27024591da4b32a6048d7a41156dce 1
16 0 a89642e90c864f619f09257921345997 0
16 0 a03b0dbb2b3a45a28448292fe3cad7ef 2
16 0 e1174117285c4a64b8a6f5de15328636 2
17 0 647efc6304b94a7e9a3ed6ad3f1a062d 0
17 0 ebc8779d15674ef287e5ab02766b1b3e 0
17 0 3347f9767d9d410b883dbec3bc92ed0d 1
17 0 c58335a9cebd43b59e0377a7c5276c06 2
17 0 f3ddc301d5074c08adaf3286461eae74 0
17 0 9379dd016b9042dd8f18446b6ca436bb 2
17 0 446873a493f342c0bd464b571e004ed2 2
17 0 70de46a9023943f580535d03fa6b7119 2
17 0 103b42441931432083d4b64bcaa8cc00 2
17 0 75e3dd963a054efb9aa73db8c9480502 1
17 0 69f0dce303eb42a8af80527a5538d207 1
17 0 112a43d92cb84202a2f14efbc1b94d28 0
17 0 849bfea1e63e415cb5464341d83b9fc5 0
17 0 36b8e5c22cee4e98a6216d0cfadce99b 1
17 0 e7f29eadce2342b4b4df213066d64988 1
17 0 5464dfecf49f43a3b7b845ac9337db00 1
17 0 e1e10080d5ff40c6b6953d08ff3a3b39 1
17 0 8b0ed7649afa4866bafc61874b539d27 2
17 0 c1b3ecb390c24d2ab5ce7ac8f166c571 2
17 0 7a2ea7299ed842149e439be950ed070d 1
17 0 05528d8ced3f4eb19a95851eef8a3841 1
17 0 778657e9feb049c9b83ce080ad0c9b6c 2
17 0 1947cee4e78f4f55b49bb16943fed257 1
17 0 3004726c594744759068a5197266e520 1
17 0 e6592d46bd5b4cc9926ee6d0c89b4910 2
17 0 6b40a844660a4785bce296598ea47e70 2
17 0 0eb666f9d4b94ad29c78076ef329262f 2
17 0 d071dd42b8134a22bfd4d27224eceed6 1
17 0 49ede9c2f4de41df92b19974a86999b8 2
17 0 a229b0bd3e7742be8f69820b3bc993f8 2
17 0 2529ae2c690d4294b307f9b05b25f26d 1
18 0 e1520fe2c89d421f885a7512b95e27d6 2
18 0 6a2a1c5bced847e190d1b2101ee653a3 0
18 0 36745556f5784e4480f8c250a2966cf1 0
18 0 5ee02d1bd9944a6d905b8a88fb7b335a 0
18 0 6574ea3918954a478429d1227e1e16a5 0
18 0 fdc1c6aa6bc74780b01bb95fb581a154 1
18 0 dd2bf1d9140946e389ac297423fa1bf3 2
18 0 2691c0bcba834b73adf38051aae2fcbb 0
18 0 5370163e03cc4fd7b3003e08cd95c12f 1
18 0 f6d4f47d0a82499081ab4cba09bd55bf 0
18 0 7d78b063408c4a1ab72a11f2b95dcf4b 1
18 0 786df3cfd86849bf9f7eca7654d2beba 0
18 0 5e8b71a8e8be4162be1b67fddd354761 2
18 0 9b16601a33594add85c41ba681536212 0
18 0 539bbefae17f4384ac1bd276bd4379ec 2
18 0 1c22fcb5697c4b36a080a514ea43476e 1
18 0 2043cb22a57341f48225534c59e6da0d 1
18 0 ef121d3b42e144f7939b4f64c3082a1f 2
18 0 b0f058effbbf4b1f9591b0aa6ebb0d13 0
18 0 0225f5e2fb7f45b8a5bbc8ff298c6c11 0
18 0 696794432a2f4d49b9b4629595f7f695 0
18 0 505c9793ebb648139374b3318f38efcd 1
18 0 6bbf3b433e254c42a33a8299a6d0a9dd 1
18 0 efe6532e5282438e896ae3c2823887b1 1
18 0 c153b4104d5349d59a7fca8aaac51a3f 0
18 0 c8fb27fd504e403ab475c0b7bc5fd405 2
18 0 4e439bf36885456f9204b36c451c5fbd 0
18 0 61056384cff94d42b1a33196027a7334 0
18 0 5b60249df6964143b61d9d89e98f9d38 1
18 0 3fce140dbfba4731a7ff8b794c131ec7 2
18 0 fb1514cabf55419f8ef287aa3be810d4 2
18 0 8f564a598fae4edfa5f345e037f90d0f 2
18 0 16eef9c64dc748daa43c28669d9a24f6 0
18 0 3f0ca8feef9a47b881109bf1c3f8e20b 1
18 0 65893ca3e6e84dbfbfecc42af7b33b9e 0
18 0 54665bf968154654ad97ca6535e7a758 0
18 0 e9a8ab93b8fa4878a728fbdaeb63a34c 0
18 0 8b14fe4b2dd241929b396435728c33f9 0
18 0 e3fffe56a3ff4c1c8e64ed37fe739b74 0
18 0 d3653e61dbb1429cac52137ee3d625e6 2
18 0 191585c3a14a49d3bd0ebdf0f3a8f84c 0
18 0 3c56d3b9fee646a6a4e40bd0c477b0f7 0
18 0 b4354dc02cac453abc3614e716dd6d83 1
18 0 33c759fbe2e4418eaa59842177de1910 1
18 0 c56ea08461a249acaa463e538edb0dcd 0
18 0 fe7fffdae20e4521a223bf749a9d3877 0
18 0 33ac1ec0569748b397f119f170c6a074 0
18 0 02684941a2f34611b0d8db41c8175e3d 0
18 0 fcb3adb908c941dfabd1d88e23a617d9 1
18 0 4f2fb82fe4334a9f80c45b701135785c 0
18 0 8b233d1fb5ba480fac2dd91201b74a28 1
18 0 7ed1b981a190445aa4884c09402c7fe2 0
18 0 d9a7d6b24a0a437c8f656013b71ae5da 1
18 0 96333b60d35040bd8ad701e301a3f19f 0
18 0 0062fe2223e8446eb743d84c1c23c59d 2
18 0 35d742f5e981460f8859c6973600ac35 0
18 0 c4b8f5de78694f71abb10b7d3050eba8 0
18 0 3351d27c84c74e429950fd8321ab0107 1
18 0 e21f3b60f31d49afac8465c24476e4ac 2
18 0 0e2a07d4cfc94eb29f44daed12876133 1
18 0 d4ae8202e4644e0990fb184d8cf5eaa0 1
18 0 4e4b516f50ad40f4a20fb1b518e686b3 0
19 0 99d1fb26401c411eb05454d6052836ce 2
19 0 2fa90be31a6a413bbfd64c94013b69f5 2
19 0 1788830699954d27b7055b93ed0485ea 1
19 0 00a55d6676df448fa82e77bb7129e41f 2
19 0 45636b1d103d4bb086a1c09ecb44c00c 1
19 0 318c3a06f2f24923a4574103476b0911 2
19 0 0ce8b8fba5454e41826d4f3ac3b150ea 1
19 0 145a6f16ce354a338de2608a007e2045 0
19 0 7ca1d5485c244228aeecb272a9597eb6 2
19 0 e2cb80173af0420f801b06d0c81cbe5c 0
19 0 851bdb97049c411f900e9269bd128434 0
19 0 6631c7692a2148beae63c0bdb6c82e70 2
19 0 1fb2daf7483f4f98a8f2eddd6c66bdfa 1
19 0 53d83ac312034d2e9c95da62d500a302 0
19 0 a9b8554627f0477ba04eb7299adfa941 1
19 0 15dec58f368f42e6870a5697d3678c7d 1
19 0 61a6128916da456fa9c3d7847093583e 0
19 0 12f2ecca511849a2b7fae24212b3934a 1
19 0 d339f2b9c94d4982a7c96d2a682911b7 1
19 0 b9c0a69b756f4cc09691cc949c312937 2
19 0 4edd9cd23f2541c1b412f101875c89f8 0
19 0 4be40c1a722d4e149004fcf1767784b0 0
19 0 2df42dde485b4675b75e5588df37d035 2
19 0 f52bc6f52472400988eb72b2e85e195f 0
19 0 544371c2bde4400796c8ed01566a75b3 2
19 0 a4fc522ccb31416694fbf85aec1631fc 1
19 0 a88ddd95e7e049cea3fd006de8cf8a05 2
19 0 2584f5c5ede74ceba23e67830464b30f 2
19 0 230f9678b650488aacf67163534fe44e 0
19 0 2d0617efe1064cdcaf075c245ec9833d 2
19 0 e3c7aecd855c4ec08024404970fb8c25 0
20 0 3100f7d1a7fe404d848789f0dd4b215d 2
20 0 c78e035afc0541b9ba77eb435f9690f9 2
20 0 4312d838d93f47b19242d91cba78fd3c 2
20 0 97bf55fa698849cc8cb729b09d578334 1
20 0 bb82d084c908428b9a6373bc956726bb 2
20 0 70eb0f514783476f8c9fd23f44c472e6 1
20 0 c8df30544d574a4f8c7314e80da212b9 2
20 0 d64e7914d50942419b3a19b88a283ac7 2
20 0 0be26cc5f9834437944250e614e076f7 2
20 0 23f67bd55cb94285a6e2434047484ad9 2
20 0 7ff9d02a347e40778dc48bc703491d36 2
20 0 39ae1ad7d1a6458598b2fce3d3152530 2
20 0 f91a72886e0844548b6fb9516ba6a1c4 2
20 0 e4a79505c4e44505a2ad4e361899e4b9 2
20 0 b5a7373ad3954ed88d5ba945c285cc80 0
20 0 6e533d6bd0b64ada8fef2dc674bd2b62 0
20 0 8e57751570dc476f92596430b225a5b4 2
20 0 c5cb37ff11be4063b0bef1099a497964 1
20 0 80110386cf054ca5bfc874de7f814009 2
20 0 f908b4aaa29c48bcb9f4d5e5c421c3ac 2
20 0 b018fd0cee2c42149662e63fd3039b54 2
20 0 a5974a4524fe417a981b23bd9fe27e42 1
20 0 910455d35240429bb7bee01008381749 2
20 0 fc70cec106c540f78e44502bef2b5063 2
20 0 93c79cba7f634b10b8d8fce5eaf7bcd2 2
20 0 d9d43fa8cd6942c18e3d1cff78085794 2
20 0 020606767bdf4e9eb6eed394fb044f87 2
20 0 5f188fe387f049e1a8db34fabe94a917 1
20 0 eba0c2ece84b488785389228c4b62929 0
21 0 20856f170bdf48909c2cc998b3d5e385 2
21 0 0b630fbad3d34ad18a93089825a4986a 1
21 0 c3f86430539b4620a5d251269439543b 0
21 0 8a40e74caed248799c486a7409d5aba0 2
21 0 04591de6cd0c4aa1aa58f1e98ee6e1e1 0
21 0 3e0d20ff5a7c474bafdc87f123f839f3 1
21 0 f4378cda801b43c286ec7d70d05c4a9c 2
21 0 ff06b4cc7672468dbb493f1653687abf 2
21 0 6682c5a2c0c1446b861933dde46c7cfa 2
21 0 7f72a2613b8c4abe82869414a90269b7 1
21 0 69164ecf7a66448cbce7f3fd401ca0b0 2
21 0 c6fedef2e95144228cc98fc7cbf5fd7f 1
21 0 26384f5e770143cb9b87fbe0af31b401 2
21 0 99b939b549854093aeb64372f39f1cef 2
21 0 f3cbc0f94c654d71b4fd0b960f26e8f1 2
21 0 03a7fc4c340a4e63ae94fcbe3c6faf34 2
21 0 fde31a2a9c1f4da2971cbdd08a3e2c5a 2
21 0 3ef3c0583a4b440dad52608e8d19b594 0
21 0 2d9e3a188fc545f0818f0619304f99aa 0
21 0 b1ce059bd4d0406887cc89ee1666259a 2
21 0 be0f2f32c058491cbcc6bc688114e7b0 0
21 0 8a657a293bfb4f60a7a66005f6f0242e 0
21 0 78a5dcb203014db7b25f3b575d062c54 2
21 0 5ca626017e3542fe949075fe21206987 2
21 0 e23c426ff4da49e7b84e3eff9dfdff57 2
21 0 21af9646e60342debe71a4348825b31e 1
21 0 6ba5ecc8dd3246278bb4491493cbc5cc 0
21 0 b34d14e8aec340c8a55ce536e39b940b 1
21 0 e55d3489f3884fe4a4742da75c0bbb64 2
21 0 e56b6c073b07449ab754c0ede89a32ef 1
21 0 a05911fed86749949c89b18f28e70ec7 1
21 0 84bcadb0ae7f4deeac0c9dda23851893 2
21 0 b5f0fd9fd7f449fa8509c80b21155d58 2
21 0 e3cfd2f667924ec3b12f9fc41bc3ba9f 2
21 0 3c45a9141b504f20aea9b6c6fc5bee10 0
21 0 d7dd1b7d35824c58ae6688ecdd63e105 2
21 0 3312b1e71919495e905f157ff7c99e25 2
21 0 692003226f804b5eb766bc54348d2afe 2
21 0 961e96c684684bd1991acdd719ddc156 2
21 0 fc119de0f2744b1097116566dd144356 0
21 0 46e5e84551034e17a6365b27bf657745 2
21 0 832ba0e9fff24f13b74280f33fd2871b 1
21 0 be155819e86b4828b27628b159cdde2c 1
21 0 3918be44832f45f1a593493734d2bff4 1
21 0 c0c5cfab07484bcabd865efa147e3287 1
21 0 72f5b9a6978d479995c4d08ced764ac7 2
21 0 afeb7c0f9d3940e889412a439b153b79 0
21 0 900bfabf6b804835a4bd4879c9b811ca 2
21 0 daf77e8f54b0430ea5c7a7ca43122ce9 2
21 0 db75fac1549a4a39a2c4565891bf0f17 2
21 0 3013d219d4f142a88cb8060e61a83c8e 1
21 0 a7fa879a16be4e15be73d1d9e9824965 2
21 0 3021f1887b674dc6bdba809fd3158d55 2
21 0 4374edaf801e4b309f91ad8321dcd6d8 2
21 0 9a97c2bcf86847bb923d0134a653d905 1
21 0 aca86e5be927440babc00fa934581d04 2
21 0 7b6d5c4dd6e04e60852ee8604bdc114d 1
21 0 ea3c4cd0fb8d45109cd366d6012f1101 1
21 0 be914844cfa14dd0a986bd99f4b0d73e 0
21 0 38855bc92b52454f90efe2612a1dae15 2
22 0 8a40e74caed248799c486a7409d5aba0 2
22 0 140e949d67b542478ade640076dbf84b 2
22 0 93b18df58f56422eabff6d9fd379cf30 1
22 0 a01bcf945ba047ef862ab72430f2d85d 2
22 0 f1ac69bb61a64d8f99b8d214723baa6a 2
22 0 b9c5a702727f4a959547403b464d0016 2
22 0 66b3669346a44fd5b1a4d3f49ea26143 0
22 0 09bb767f063543b1b5fdef78dec44fe9 2
22 0 ca02720748534626a322e4d986fcfbcc 1
22 0 1bcb98135a5e4d81bcf5c744d366113a 1
22 0 3f7922626b444cb1b8053a49a139f1cd 2
22 0 35c3fe509af040aba9359f557cd8b2b2 2
22 0 726c06466e8a4c3aa5c930462426b63f 0
22 0 e16d508c560743de9e556c16a4d2206e 0
22 0 b9e6a31442db4fb28ce21b8c24c3cd69 1
22 0 6879234c5582403fb8b29c2f024a97d6 0
22 0 099b2f58b23f42378ea2e1c9d60869b3 0
22 0 d926ad9724c54372b3b6b4b11480eba1 1
22 0 d020719e480243bcbb9644fdc64f597b 0
22 0 4dc940068b3d4f668b583b24566f61f2 1
22 0 a848aa493776462c83ec0a7e567fdf34 0
22 0 3d8df8b87a1c40c49c797976c0e29231 2
22 0 003484d3bd6b4dd98ad499fe02d07d3f 1
22 0 7fd321073f764c15b0ba1ba458b93299 2
22 0 0bc776849ae541cc98e42f48bf9d0a22 2
22 0 ece75ca5dc4941fc94ca9df1484e9285 0
22 0 079f0a57b07648bcabeab60a6585be8b 1
22 0 3c7f0f489f834b23bdf8575b5b4b4203 0
22 0 9773da810e0647beab4beb0454d041d5 0
22 0 5ad1928f69984792b0a780e2b8f879fa 2
22 0 c5a9e634c4a6454b82456e11a9401c71 0
22 0 6d082ff1aac2493e835b7cd6df1af35f 0
22 0 a046efa8d3374acd9cbffc903ee25cc9 1
22 0 29c3bbb4ce7f4565998a29745437fe2e 0
22 0 399042f249eb4407b6bf4ce27bc864c2 0
22 0 21954b82d62f48a498adc2d410749422 0
22 0 b6a1451f9428495585acfdebd0f6a347 0
22 0 57fe1f08fcab4bf3b69e231873e0fbef 0
22 0 bd13acddc1494b6db3fa6df4868cd650 0
22 0 bd7b39eb1664490a896ce006d90fa02d 2
22 0 a3a10e52e71f4c82b18c5eeccd732c89 2
22 0 a4ffcc8175fa4bf5a1c26fcb8be453e1 0
22 0 d62c1bd707964cec8143caa1ec43a25a 2
22 0 3b8154089245485f851524c3bcdbe47f 2
22 0 69108d5d5dbd4eb080c8e3d8afb01f93 1
22 0 de775c82b4c94afd80495f44f13ce570 1
22 0 c944eb883d8f4946a1402a71716258d7 1
22 0 1b01aabc8b49435da82e4e3b50760847 1
22 0 410b132f19ae4ac49a99e6b1e4297a3e 1
22 0 9fd1a3dadba4488e9f392c1d958cf957 1
22 0 e0ab092d67fe4adbbd049f539282cf92 2
22 0 91f7bb692def47ee888d72033338d5e9 0
22 0 85600080212047cd81c1f5bdb4ef4b6f 2
22 0 e8a41607238c49f684f9f934cf2ecc63 1
22 0 35f1fb9b15a04464b5c710a37d114b72 2
22 0 a24873e0fec14279b5a6886fce3af7a3 0
22 0 8842c6632a5d40aa8c10601ae98643ae 1
23 0 242acfe6be7146cdbb1125099706aefd 1
23 0 d49f8b6459054bf7badc9d6b196ea3a3 1
23 0 8891216c27fb48329317370cfe10c68a 1
23 0 b127f678365b43b8bf64b5d5ed29e043 2
23 0 f409c7d1108d4d3ab4417dc3a6e89214 1
23 0 0f74d71179ab4608b5eb1885fcee2dad 2
23 0 6ddeef8858c645f091da267d8e725901 2
23 0 318b445892314cd4bee9a7ae52bb107d 0
23 0 3671919a1358448b8fc00ee723b3894f 2
23 0 96eec49ab5d54181a4232461bddc605f 2
23 0 30e39f7062af4d12b39fc843d19765e3 0
23 0 c05f51cbf4c4419e9802fd703a67c83c 1
23 0 166c04d50d084709976d83b5a605e200 0
23 0 6eda889acf604f0883e18839719783db 0
23 0 a5619809b4a34347a8cf77a6b8b72211 0
23 0 a6748f60a46d4fa79ebe16f5210d5799 2
23 0 c09ed35128904ab398efd2f8223842aa 2
23 0 f7ecd7ba25f54322820abb2bd4093ad9 0
23 0 e68dc1a67960488dba30174ddd0e9727 0
23 0 59b91a398cc2495285ce212105b5e5b4 0
23 0 03b07a25779841769cf3a6d239543d34 2
23 0 72ee191ba2af40e7a3421a311bc6351e 0
23 0 3d743dc2a3ca4c6c963845525a611190 1
23 0 6e802af533c44daa84454e841f759106 1
23 0 2400fdacdf954d5bb27b9750619dcdea 2
23 0 c670b77b43a1486883ae8a4b9c80b5bc 1
23 0 e250d23e48394c71a8ade94d82e122c7 2
23 0 d3dd8319e69b4a06aa6446bffd30b43b 0
23 0 7d99ca66917546fa9e83c7cdfc1cf8b5 0
23 0 06dca9b6b5054f17ab345ad50c1494e3 2
23 0 b9ee049c1b6044db98b01f7c00491968 2
23 0 4d3d7a53d3e94c0e8436ad9336568725 0
23 0 4d8b7c2e74da47b198115f87925a4f14 2
23 0 6dd830c0b72043aa9813b3ad3c196c72 0
23 0 3ba1e02f24004bab8ae322545390429d 2
23 0 5c0cf0b12d8a4092a270d8e613c715f2 0
23 0 0b663434caab43fd87f103558ac8f768 2
23 0 d8406c5427dd4beaa478f0e0db9f6e1b 2
23 0 06ede73c4a77459da021ee4d9c760813 0
23 0 cb60c0cf621c479da9034f23bc3e534a 2
23 0 0e72924382404baf8501ae674c6545c3 0
23 0 d8b51de72d63498b994f6ca5054f0a05 2
23 0 fdb6fd6a14d444a3a6fa9cb69cc6075b 2
23 0 391fa0a95c294643b86e8f45ad85dbbe 2
23 0 3415c3743589424c96e5496d1cac8ae5 2
23 0 a3a31e79769144a185982ef46d0cb3fe 0
23 0 e4710f39382f4736ba1460d89180a252 2
23 0 706d497fa89f4645930acea7b03f0a3b 2
23 0 34ca77209309425185f7569d58825234 2
23 0 cc84cff0ce574c6ca083469794a2be92 2
23 0 f23799e65e7b40c2bdfcaf7f310c1461 0
23 0 00430512355b4c658c6f3abdc26eda03 0
23 0 459ee28c3de54c5d97c5adbd8b94e8c9 0
23 0 589240a28c0943dcae31941a809b5267 2
23 0 1cabf3ca3e7a4211ae6775bd07502f9d 2
23 0 e024154c7618481ab4b564b52c4fb62b 1
23 0 e95f72864bb148c0b4398aee33c02de6 0
23 0 84da4298706b4596a9542fba9957e5a8 0
24 0 66e24a40a035429cb2b0fc0330c421f3 2
24 0 36b248883a0a425ea39743259bc56861 0
24 0 7e5e72efd22c44a3a77c5faef46ae3b5 2
24 0 fbcd871b82dc4b8fa88fced5bed366b3 0
24 0 918de3ee7b1c47a89c76ca529376db30 1
24 0 fd3239c8f0b844fa9cc8620590a6c9b4 2
24 0 21812fcdee5b43819b9493ea87bab4bd 2
24 0 e4946a6f8c18489cad3b201c39448957 0
24 0 5fc01413019d439ab8188388595dc2ef 2
24 0 e59f98cd14cc4079b80da04ce3ebeaae 2
24 0 654f01627c9348feb3b2c0d841281141 2
24 0 86aa901823994db68e17414c5285a2b9 1
24 0 31359039186b4abf816d2bc078910f71 0
24 0 98552c190d2b4c5fadf5e09ef15aa627 1
24 0 8946780b4b874b428446d4433e86ee82 1
24 0 d0d4886ff33b4ad68989aa754c7bd040 1
24 0 a79542cdb4bc430bab8621dbb8e08eac 2
24 0 f213c29a414b4f10a3e60763def23565 0
24 0 3836299897a84ddba3fcafac895ea680 2
24 0 d6a4a60ac42a4b2d87b6dd063944af91 1
24 0 43f56e0e242a4e3db90e109069b2d167 1
24 0 062df1d5fb3241628c2897920e512bfe 0
24 0 43ca9ce61bdf4e31934a027a3b2241c2 2
24 0 8250f18f3cf24f08ae54fc433cf6c1d5 1
24 0 453356bb39924827a9d57ffd2c987734 2
24 0 471dd3b553504178ab1b2f56ee368bc9 2
24 0 2bdb7b61d4914d35857145b2f5729b66 2
24 0 deb85f835b584e10b59966f11235930c 0
24 0 01007638d3f54d7d870635531ff637c7 2
24 0 a024b9ea0a77411dafdddf84d154a644 1
24 0 c0e60d4f05134408bd309d94bbaf43c1 0
24 0 db7184fd1866409487cdd94ba649bf2a 1
24 0 785a382e7f5841dabb7b39ad49fdecc3 1
24 0 e34ed70e912f46878cedf6df13bbadc6 1
24 0 70784e644e1f48989d1e1810a77118a5 1
24 0 82bcbd53dc5c43a1bf68644210cc953d 0
24 0 4b10cd20e79843388fbcccd4a752c623 0
24 0 95416d131e274903976d286a8de19cde 1
24 0 110c0ef5285b4f209629a88376822849 1
24 0 f0c991142093479796a06b2c1caf2de8 0
24 0 1a0fea6dd4cc4ad998931e2e87a43739 0
24 0 360fca544dee4cf5a5a1c6181374d964 1
24 0 302f05a82e404af3bee09ace9e56c360 1
24 0 851b3ef5471a4400b46b1664caad8073 0
24 0 425a7bf06335466a91c13b424d73b651 1
24 0 1cfc32789d9e44c0be36505b401d1b2c 0
24 0 d93925e2f90543f6a8599a40e1a3d397 0
25 0 6f8770ba46624c69bcedc1e9dedce575 0
25 0 0e123d60ec34405e8b1ab00ac2dd526b 0
25 0 918de3ee7b1c47a89c76ca529376db30 1
25 0 e4946a6f8c18489cad3b201c39448957 0
25 0 5fc01413019d439ab8188388595dc2ef 2
25 0 31359039186b4abf816d2bc078910f71 0
25 0 4b1afb83acd641ff83dfc42ce3c8b4eb 2
25 0 c42e5705adfc43c2969cc6870aac0ead 0
25 0 0f510f6a0e5e4c78a6a993527a0035b7 1
25 0 9df9825861f245908050e08c744ce9b2 1
25 0 3836299897a84ddba3fcafac895ea680 2
25 0 91126001947c47d1b82079da22bebd4f 0
25 0 6f8770ba46624c69bcedc1e9dedce575 0
25 0 17c028fce0464d2699caa5a462327d44 2
25 0 65c560fd48c34103b29fe1b37e27cac8 0
25 0 d504616bfa31467aa63c45bbb6257076 0
25 0 2bdb7b61d4914d35857145b2f5729b66 2
25 0 5085dbe86c8f48e5a79d2c18cb1636e0 2
25 0 30763404b98148c0a62290b1963cdc7e 0
25 0 01007638d3f54d7d870635531ff637c7 2
25 0 db7184fd1866409487cdd94ba649bf2a 1
25 0 3d86155cdd28475bb179d2e46a672a0b 1
25 0 aaf6dbc41fe94128b9897aaf2af18951 0
25 0 e34ed70e912f46878cedf6df13bbadc6 1
25 0 70784e644e1f48989d1e1810a77118a5 1
25 0 f8ede7ba2ac54a5485445e76ae65650e 0
25 0 965b8967b289492bac4c2098d0c2d6c9 2
25 0 4b0bc83513cd4141abc05a9d8f8d62b7 0
25 0 59bb9aa5bd7d4e369019e84544ad6925 2
25 0 372c65dfa9b04d27959970bff0cde54a 2
25 0 bff172f8224249679551a7e4574f1c85 1
25 0 95416d131e274903976d286a8de19cde 1
25 0 4d2ebf6dcd974cc4aeb75da9278c4701 2
25 0 e654c092bc7d4107a379b07cf651d4d3 0
25 0 6131fd16b2ac4d0fb9b2e9db70d79dd2 1
25 0 1a0fea6dd4cc4ad998931e2e87a43739 0
25 0 c6e6e9f025b2473eaad2e4a854033aa4 2
25 0 bf6eadd797bd42458aad0f34f1bb22ec 1
25 0 c3658b613dee491f9d246d7eeb5d9ec1 0
26 0 4b3391b409a045c7b37026707dcd0a54 2
26 0 918de3ee7b1c47a89c76ca529376db30 1
26 0 0caa293021a4441188651d707d7c3ad0 1
26 0 e4946a6f8c18489cad3b201c39448957 0
26 0 5fc01413019d439ab8188388595dc2ef 2
26 0 e59f98cd14cc4079b80da04ce3ebeaae 2
26 0 8e08f57d3094457d8e6acd33a2a246c4 1
26 0 bfd61f4e10604e04b21f3ece4b682e63 2
26 0 e3c62e90f7fa404f9ba5a5a45289014c 1
26 0 9a55433c96274cd983466f88df202640 2
26 0 98552c190d2b4c5fadf5e09ef15aa627 1
26 0 22f6c7f3465d4b96876d62575dd12724 0
26 0 8946780b4b874b428446d4433e86ee82 1
26 0 b79ebb2fd83e4117be6a5f9636f60221 1
26 0 5785ca0b80044106afe90bdd903b3dda 1
26 0 97f20e37936a4d7bb6a0fcfb4fec20a5 0
26 0 afd4807e3cae48c684b7a174f3a27e11 2
26 0 d6a4a60ac42a4b2d87b6dd063944af91 1
26 0 d76ee7f5cb974e70a1ce8be65b4efba3 1
26 0 8250f18f3cf24f08ae54fc433cf6c1d5 1
26 0 e2213f29581641bc9aea174522b18c78 1
26 0 766262285a3042d9be7865ea5f4ba3d9 2
26 0 cba38523709e4754837283f5c925f097 1
26 0 588f2727d3584431a9c3f0c83b66d2fa 2
26 0 60b1bce776fb473ca073518fa46fd74b 1
26 0 471dd3b553504178ab1b2f56ee368bc9 2
26 0 2bdb7b61d4914d35857145b2f5729b66 2
26 0 9d6cebc909ff480ea2652267b809f28c 0
26 0 28ffe3e542f14d94a4a4cb0ebe0607d5 1
26 0 63f57b57ac8541fa8615b4341764a03a 2
26 0 fc5d0d2ef5bd4b53be41533c73b825ad 1
26 0 01007638d3f54d7d870635531ff637c7 2
26 0 c0e60d4f05134408bd309d94bbaf43c1 0
26 0 3eaffc82627e4edeb1da58f3be0e8753 1
26 0 407355f5f90a49b3924700a944018a1d 0
26 0 01f1d5884660425f9cb31663b521ba58 1
26 0 d5460e0ebf1941edbeb89993cfef4583 0
26 0 294df96479aa44f09ef9845c76f2d418 2
26 0 4682d86cc0fc453ab5cb8e8bf8168c4c 1
26 0 3f720b48c19344cbbd0691ebd4f0ad9b 1
26 0 89a74ab6a15e40da961f95c5d5a00f18 2
26 0 361c174ec218443b8090756de4b23e05 1
26 0 1cfc32789d9e44c0be36505b401d1b2c 0
26 0 d93925e2f90543f6a8599a40e1a3d397 0
27 0 5fe25d2732b240d491e074b0adeaf13c 0
27 0 eb740cc7032c4c68b2a0b6d094a5a65f 0
27 0 21dbd7ad256548c5a68a60bda5d0e3da 2
27 0 b3672b6411414f5fb9a39cde7c24ac0f 1
27 0 b9d4efb1bc334b069589bdfce55c7a2b 2
27 0 c8b57ffac0044f0699820a137e4aa1cf 0
27 0 e44a840d3247480fb96567a567f2d096 2
27 0 b2dd6267bc194f63b6056301ae8180eb 0
27 0 819fe8912e774f229830553633ea7734 0
27 0 3c58e8ac7fa747d8a1d0c9efdf6a7986 0
27 0 bceb717baa044c5b954d644b702999f7 0
27 0 5cded10dcc754bb6a2d2a5b03a4e0d87 2
27 0 a71ba3b86236434eb9d23748b339fe84 0
27 0 7bd3291e728b42e38604aaf1e0080301 0
27 0 54f396d61cb64461a4da07d0fb0a27c4 2
27 0 18916880aaae4346b935c7a9ad454331 0
27 0 aead8aed9a6348b59d2784f1c8c46407 0
27 0 1b3a07aed19142fb80e8df549647575d 0
27 0 2849817347204345a8156f731f3c4c7a 1
27 0 3f32b34bb1724b09825a38c007003a9b 0
27 0 4ede08fea6f3481d9d3a01eb0426e88e 2
27 0 8de8ae43e232493e94585450679c219b 0
27 0 e5757e74d8c545c9830f3ad2fdf19e6f 2
27 0 e5500a7645674de2922c1bd9756e5d4d 0
27 0 c6c44a3a2181464cad0102628c0c5113 0
27 0 3962784e48c74098b7ab4b5ffe0a6333 0
27 0 272618844c49446eaefd81f6d180d9d0 0
27 0 1afcc5f4565648baa3eb93f68333393b 1
27 0 94635380aa1b4fc384dc6de0cb94440a 0
27 0 5aff36b447a7406eb9501a4d1e7ac84e 1
27 0 f8db43238b654691817b85c73b898754 0
27 0 3a15721b48224b83b31724e83b3226f4 0
27 0 ca440bed5e534535b7fd81c908ba5d01 0
27 0 4f737c29abff409589f01b615b3d2440 0
27 0 014a350e46564785ba380dbe9a77992c 2
27 0 dd0930147b0d447ea1beb841d98db2b0 1
27 0 e52076175da640499f3176a2340a7a11 0
27 0 ad5209d9e6dc4c4ea168f5b2a47888b3 0
27 0 d36c85d4034749219fc3f81113c36882 2
28 0 01b8093096c74bc3af2797d0a499f487 1
28 0 4e0a771d3d9147c6a6100be43c051d60 2
28 0 a5d51330620741f78972428849b2905a 1
28 0 b1ba2fad2f1e435ea54916fd7bab9b73 0
28 0 9b504d61183b4f71b520a94d8c6be865 2
28 0 b899b6ec93714c219250591e3de7ba9d 2
28 0 f8f4c30dd6644922a46e8ec32ed6c339 1
28 0 f9d23eed451c43c382315a46aa074e36 1
28 0 576939080ecf4dc7b41c7c75c1310f9d 2
28 0 74ab4b04c79b46c683e9135d643e2557 2
28 0 01e09904c59f4c7684a2a5179c2635f6 0
28 0 f782f6bf5a3f4ed893cde1b783bdd36b 0
28 0 0653851827b94d14b4aa74141a76f251 2
28 0 236b7d636a5b44d0992866aa91313c85 1
28 0 bdfbcdea813541d9a7d7c837415b0513 0
28 0 87d7a3903b2c4511b0336570064c8425 0
28 0 5f79d8bae371446bb98df3fb71471ddb 0
28 0 fec5a279171441e5bbd56429512792a1 1
28 0 5fd3379f9928417cbd011c70196790a8 1
28 0 834e411f02f446e9ba57bc7483995924 2
28 0 4fddc9eb8dbd4cb0b5c23128585c639b 0
28 0 fccf0122ee274286a232170698cdde91 0
28 0 847f34f90f76497db982f9e9565edeec 1
28 0 70c3ba1a64714b9e8dbe40a7f36b7c9c 1
28 0 b98a969003c343c6926602db55fedd80 2
28 0 091c63faea0147218f7cba13e8a50b85 0
28 0 2e312e9c51964aa2a83adb6510b6af1c 0
28 0 16cb024cfcce48a9a818746355ea46be 2
28 0 2bfc7a9adc15467ca33e720af168f26f 0
28 0 4ba06162dcfa4e2cac4eca824f041ff8 1
28 0 403306274f384dde8297f8aaeac29c6f 2
28 0 437152cbea2a43e3a78422639b969b5d 1
28 0 aa68925ce88a47449dd183f25169dfab 0
28 0 c9e8f13c4bda43d0aea3103898d1e3ed 2
28 0 18b4c9b864be4e53921e86896ce107f6 1
28 0 b92f06093cbd47b0b014877b3b1fc6dd 1
28 0 2db6179bb5c34b54ac92301d09c4b516 2
28 0 1465055ea63d49f08bb2598a0787d3c7 1
28 0 c4b7b7aebe89428bbc3f7f2be37da903 2
28 0 a7e7cd6df3f8462bb0baddea292ebed9 2
28 0 f4e3c656bade487f9fbff618fb096e6b 2
28 0 b305f3ced9014b8dbd542fad0f912331 0
28 0 7538234d3346449da3ac1963bf56f6b9 0
28 0 d19030f3c5484bc6a4699f371ad098d9 2
28 0 72454d9036554bcc83a09d69fed2b484 1
28 0 223092c0b41f4e3586fc1891fdafb581 2
28 0 2694bf0b431e4e4391945421e8fe3350 0
28 0 eb5bcec37f424dbeaccf57a965cf39fc 2
28 0 1cd70ded0e82428288e9b5dba17e7f4a 0
28 0 1ef865646a1e4da3864658e3e8ac564f 0
28 0 50d89b15aff242d3bc1fdc129502b1b9 0
28 0 64adda70c7524561ad3a9c727739b5d5 0
28 0 3334e62701384a28aadb6fb97c194dcc 1
28 0 2ce9e2aa8d6a43639c2e22daed05e2c6 2
28 0 dc04d4faf71e43d68f57a3f7bdf04262 0
28 0 22b17bb3b5d34eb5826e51e132893902 2
28 0 cd1d908841dd4c84b7a2def51f4a9411 0
28 0 6114dde8b49e4cdca0bc2089b9bf9316 0
28 0 75ea16a489654e5085a907cdc36f604c 0
28 0 20579ea1e3fd4747b43f25e2c95a704e 2
28 0 126327c05c614c359451cdfcf63e5f29 1
28 0 b367b7124a4848af9407751e3297f336 2
28 0 30175cb2fd17464a96eb8ef624e16e3b 2
28 0 63aa4e855ced4e6eac0971ebd142b5ac 2
28 0 161e30c877e447908903f6bb64093adb 0
28 0 7bdf3f8afbbc479d90ad4d888073fdec 1
28 0 714587f8b9f84c01b680eefb6611c8b5 1
28 0 86a0717cad714d8ca47852b0674c0028 0
28 0 d1374ca5d63d421cb5e84ca222fefb56 0
28 0 a67118e7b0544925b4b36fb466217541 2
28 0 d9c32f0bf5f24d149682f068984e8ed0 2
28 0 1075f50d51e0492c9bf5a09468d6e988 0
29 0 1032cf76eff94dfaab12264054a4fd69 1
29 0 29e779f2da6b45b9ba8202ee3e752623 1
29 0 45d1dbe7136c4649b94137d57d260ba9 1
29 0 e3f7e704a1b84c9797bae256e4d7e01c 2
29 0 813847951fea434b826f8752d9570aec 1
29 0 fe47a2b15b6446b8b57fd6c62be04441 2
29 0 b9d4efb1bc334b069589bdfce55c7a2b 2
29 0 e44a840d3247480fb96567a567f2d096 2
29 0 831fa53e981f4ab68092f21aa6a74727 2
29 0 e894ce23a6b0474c8c5b27731ca497b4 1
29 0 aeab630e64204dc89ba4b7d8c4922b2d 2
29 0 fd3fd1ea2d5e4cc882f54604e20cd160 2
29 0 5cded10dcc754bb6a2d2a5b03a4e0d87 2
29 0 114c0ed637e645cf9c7c7ee6df711c84 2
29 0 b3bbdf7fceff44b4beef841e1e81a129 2
29 0 041d84ec484a4893a52470599e50e6a5 2
29 0 222b62a07c6d420aaf79083cf5e803ac 2
29 0 54f396d61cb64461a4da07d0fb0a27c4 2
29 0 141307bb53544f06abceddd1b74eb2ca 2
29 0 2849817347204345a8156f731f3c4c7a 1
29 0 6e9cd913506b401c91fb0c3770f96869 2
29 0 35b2a752f1a94179a56149edc6b7edb8 0
29 0 4ede08fea6f3481d9d3a01eb0426e88e 2
29 0 25e0587e2a1c4012b87edc894204058c 1
29 0 1afcc5f4565648baa3eb93f68333393b 1
29 0 050ff133dc1c467b9d8b8764664c7c5b 1
29 0 feba19c14ff949b5b14037453568418c 1
29 0 60fdf62d8b064affb373e372fcd9ca38 1
29 0 33d2f7503f9c4ff1bd1420869031b95c 2
29 0 014a350e46564785ba380dbe9a77992c 2
29 0 dd0930147b0d447ea1beb841d98db2b0 1
29 0 c0aad3e280734c3cbd7414765a6973ce 2
29 0 8fc28715aed243698e84e91e69c080f4 2
29 0 d36c85d4034749219fc3f81113c36882 2
30 0 e6a94920ba354728a60ed9fcb396cd47 0
30 0 7c4b474c755a4bc3aba4c72b38480219 0
30 0 d347bbcde22341c99485ce0ec1b1e575 1
30 0 485e6e3d67294e67a2fef27d1139466f 2
30 0 296057505b67409691edd889debc4bd6 0
30 0 86289b3122b64741987f0fabc2daa12c 1
30 0 7345f19b467a45ec8bef61e7a030538f 0
30 0 ffb1c1d110bc49549007656a86165158 2
30 0 434d22854a75419087365b6c615fe371 0
30 0 6a93054415f149458e8b629cb57fd43c 0
30 0 54d360bf6b584337b39184d09af8f7a4 0
30 0 69737c5372ed4dfebfe7b577696c47c5 2
30 0 ef89f4aa20814058b0f07d56fd4a8d3b 0
30 0 76534d923c794ff6bb245688383d4ba9 0
30 0 d21a990f877a4f00951912136566743b 1
30 0 b0229b6eda674af6b6127b194a581e8e 1
30 0 9c10c19baaa642e8a7bb2205fc0e13b1 1
30 0 97f7cfc8e0e24bafa2448ccd7333fa9a 1
30 0 a98edde6252d46efadd77fa648656c94 2
30 0 162c880249254e06b976f5b4d63c9601 1
30 0 b0af6f9fe76f462394c00d3af49a8552 2
30 0 2d9d8e219eff423d96e52a7d0a1b1223 0
30 0 22a73e298d8f460c971d4a3d968677f5 1
30 0 11c252aaa0284f7ebd368ebf0b9bef02 0
30 0 28c6430574454e09aff31f4658a9ce59 0
30 0 9658fa9d7d854215b62fbc31516b3924 2
30 0 1ebff3336bf3482a94fb045c88fac4de 1
30 0 b9a46e1468be4c5da87f74ec187ef460 1
30 0 0428894b61b24344957d0f62c0fcb681 0
30 0 4ab39b1479b544a0adedb08236195878 1
30 0 e07f40bed47543f39b6a6d4574819fed 1
30 0 eabd6a863f5e4333a1732c14d590f9ce 2
30 0 3d71212c355f4a7b9675ea4519a3beb7 0
30 0 5ed56f64285b4bebb76699642a76500e 2
30 0 9f2642d6556b44319d7be8d793c5d253 1
30 0 7492ca6ad69c4e85a1b7237ef7af42db 2
30 0 10839c711cdd493fb2c6b09defdbba5d 1
30 0 ae262a05920c451ea76be53597febb3b 2
30 0 a80af032198b4d0985a88d20a701fa31 0
30 0 fcdf141b99384342934d68e7d50d564f 1
30 0 178e41b8d6334748ba8ec91c6d109b26 0
30 0 6e3f63ff9081422e9aa551ea792a02af 2
30 0 0645540685544ee1985366a73811ecb2 2
30 0 306c3cc712c3492284a8e585827d3190 1
30 0 58abe74ed6cc400598fb8478fc0802aa 1
30 0 a171494ff0034188be55c4893454a243 0
30 0 e263689f445c417b850c31d17f61127b 1
30 0 08054eacddd0483baa9b69da00a01497 1
30 0 83f8c1d69e974c2192db8aa14e5c02c9 2
30 0 021c5c2084ac4d57bde7186d37901d6d 0
30 0 f7abb68e9f084b738c4200012e91b98b 1
30 0 d9cab6bfa83e482ba6e03df7bb40edcc 0
30 0 ef362479962f4adfa2e9aa11ec7be92d 2
30 0 4000a9dc8605439c972a54c65577da57 2
30 0 d0fb2ceaadb34c0298f17803c664dbbb 0
30 0 53f04bb036ed4b6e966448bd98598137 1
30 0 95aea65e3dcf48ecaec207388c31b5ce 1
30 0 c85d1ae3e79246498580e4240e161c2a 0
30 0 9fb4048762654fe4861776777fb582bc 0
30 0 5a447e34a7294ba392ff4cabe7fc5ecb 2
30 0 2a866ba5c157493a90afd7075a01448a 1
30 0 e933b6f37ed74d82a4b4ef7036e4c1dd 0
30 0 36d290c8fb6241b5a42bdce2d63b7fd4 2
30 0 d373a44fb13448e293dafcb4acbbf7c5 1
30 0 1fecb4cc3b454f67a7c1b150d2c5ed2c 2
30 0 dbfafccf3c004754acb87226efa109e3 0
30 0 5e554981e03d4fbb9babc04ce3fcef37 0
30 0 c735c526211549d7b4c7c9c2cf4d9b9c 2
30 0 b4f382e898ac4971aa0183bf872c71a7 2
30 0 864e8f116f2f4c02a9636da24dff7e6b 2
30 0 16121dab24cd4b29929624a0bc42aac1 0
30 0 816304940db246d6be006c1507cc9b06 0
30 0 59170ca218a84212b915ae4ceaf3cd5a 1
30 0 dd4b5228901a4b7e8f00c07ef05434c2 2
31 0 9f34278d90b4441b955e8e6a787da85d 1
31 0 c0308ab8eb174e588b493e62d6139787 1
31 0 ffb1c1d110bc49549007656a86165158 2
31 0 44a37d7ad94b419db6a9c55e7fb4a156 2
31 0 d74ff6ac09fd49de86cb5abb2e0e505c 2
31 0 3c13f25e7c2b42a2bcfa6957888bfa8b 2
31 0 ff05ca34b9b64f21b4b82bb8f415fb61 0
31 0 2409814e29bd4ae7a14c2b1147e0f7d1 1
31 0 5523f70f33324799a5e86cab144743dc 1
31 0 2648e579b8a244f494816fafdec80666 0
31 0 a98edde6252d46efadd77fa648656c94 2
31 0 0cc07cb3639f4e288284d638de6863de 2
31 0 3907b5d66c964d1cbee0363cac39f225 1
31 0 b663d6ec15f045e387b371c2369f8de2 1
31 0 58d4699630ef437c8ddaca77da9f4517 0
31 0 0ea6020c28d74aeb82ab14de7589ffc8 1
31 0 affe3113af8548439be71a76d4b23d11 1
31 0 0d92806775b542cc902530b345c78a0f 1
31 0 6faea1c7010d4b7d9bde70d53c8147cb 1
31 0 97b2fa1ff63848559c1d885831033b81 2
31 0 ec56efe011dd467fb4b6cfcdf8a7619b 0
31 0 1ebff3336bf3482a94fb045c88fac4de 1
31 0 c2049fb461474a72a9269d77717c13d1 1
31 0 35f154aa9df54686b46b4aa609c8d342 0
31 0 a01bf390049845b1a3186d88432738d3 0
31 0 b3b6d977f9b947b7b953bc8859992502 1
31 0 a4a143584d3f403eb5c753970950ccd4 0
31 0 6a8579c68cfe40ec8ee68e1cbccb618c 1
31 0 a9c57a7993f54f7f904cffd45e910e53 0
31 0 79746396c91f44fb87df0868dab7cd16 2
31 0 5661efe4a35b4a9aa68985659cde314f 0
31 0 081c52647973475aa571fd6a9bdaad1e 0
31 0 cccc6cbc8d4946c59a527fb60c4ab500 1
31 0 e86d32f08ab94f3ca2c9b4d619585f33 2
31 0 c6e868713fef422d9ed0c78f20e423f3 1
31 0 0645540685544ee1985366a73811ecb2 2
31 0 9cba63c9cc7a43248d0c0dbddbe60da8 1
31 0 c5011b993afc49fc9b03df81c6bb91aa 2
31 0 30e0c87430b3432e8b64029f37123302 1
31 0 c03052ea56be4724a4bed829a1073d3a 0
31 0 58abe74ed6cc400598fb8478fc0802aa 1
31 0 b90af68b21bf40c2ac63df9b7ac1d5ef 1
31 0 7ea9d7f516fd40378971e8389f8f2583 2
31 0 12aaad16fab547628c35463fea2496b2 2
31 0 b9a4668f98eb42788cdb6c66bee9507c 2
31 0 6fa761ae02f8433aa4ead01517255e8b 2
31 0 95aea65e3dcf48ecaec207388c31b5ce 1
31 0 f82d2c69b35044cf85567c398e49c3bd 2
31 0 1cb5fc3960ba4e8397d4dd617dca9fe8 1
31 0 32c16c51ea9044de8b3a050105f17c9e 0
31 0 b1ebf7284c304669aa7c72ce27694bf4 1
31 0 1fecb4cc3b454f67a7c1b150d2c5ed2c 2
31 0 49fec02e682045cbb07bf00cd86c01fe 1
31 0 317e57aff4a7416ead14fbe9799dd8bb 2
31 0 88e7eaca31924dc98c8b2e374ed06398 1
32 0 ad84ca0dfd8447e39efc80fc45b6dd1a 1
32 0 1f76d48c647042109c83e3e63886035c 2
32 0 2adf577f55ab412fb1ae714518c9d35e 1
32 0 bf757879d4e5405aa43f9d5286bc0b62 2
32 0 026a9310bde04cf28d716f490dd46b1d 2
32 0 1b9005d4db84472face7afa73d4409b2 0
32 0 abd76572647145c9b91653272cc3e2e1 2
32 0 084ac043e4cf4e4787a211d01332902c 0
32 0 7764c891369f432c845835d9dc1af8bb 1
32 0 3bba8c5a003a41fb82590ea8002befb2 1
32 0 f6e805746225433c88c4bbc8956a59da 0
32 0 67f6fbdec1de4b2792b40938b5051c6a 1
32 0 b8799ab844904601b84883e43b07d277 1
32 0 6d27f5152616449582675bc0c7dbd13e 1
32 0 c6a53470ea8a49498fe480f3e6b841d9 0
32 0 488b1f337b9f473e83921b105a2b2399 1
32 0 0ae5d3d0797b4416b559434ca091f04b 0
32 0 999d05431dbc4c7797d3cd21f4df6210 1
32 0 ccbd63b6ba774a46af2b94c419985617 2
32 0 ccd241cde4174cf8a9a02af514a5b385 0
32 0 3202182a49e24c79a5c2f6368ca55a3b 1
32 0 8d1e5ad04abd43c8850816c836bb1aae 1
32 0 f909e3742fdd42d4a8af1a5407dca74b 1
32 0 2c3490770bdf424fa800115e8d907e50 1
32 0 05f86949494f496caa168213b09263d5 0
32 0 267d9f275e76427c9a2dae1a01d042ed 1
32 0 18663957d7db4d5d9f9c64d7c4afe5ef 1
32 0 6c0988f73ddf45efa42ce78a346c4285 0
32 0 7aa77c1e63db4a11a8aa6ceef15302a4 1
32 0 70104b4f90d94e1f9bc4d07e933e88a7 1
32 0 e4c1e065b3d849e5a7ca5891073e3a81 0
32 0 c08a5130bd7a404bb91081c35e2a112d 2
32 0 7fc4f2f257b2487ea97b953ed51d7350 1
32 0 00e422bd5bdb4affb70cac93f57551d1 0
32 0 6f3032e0f1ef4796ae04763912e195ae 2
32 0 2dc0da40c42f4adbb5a26100cdb18e3e 1
32 0 7db6023f52854d7289856568809ad396 2
32 0 2a16d4a1853942718570b4a3c8ebd726 1
32 0 618828a30fbc4eca97cd9456dae04d25 1
32 0 60632cbb8e404a499bded9404121e6f1 1
32 0 21ff5de7bbfd407d9c46a4ea43bc9964 1
32 0 7d4ce70883c8489cbdf39fd969702653 1
32 0 1591a88c35bb465ea3dac96ca7c1a6d0 2
32 0 80f1e4099fd04222afcaa49801ecfafd 1
32 0 317e57aff4a7416ead14fbe9799dd8bb 2
32 0 130d7fa35bb4415aa6c3da9ebd5e7c98 1
32 0 29f42681116f47808238eabc12e38301 2
32 0 95e2ac7d389f4f76937a0e8ba4a324d8 2
32 0 be7693ea8fef42729d87e6f80e725892 1
32 0 2da02c66288c4734831e1999bdf0cc2a 2
32 0 163ae447f9574aeeb2e2d76af0b3782b 2
32 0 da21e6d7fa814e41b533994086136695 2
32 0 88e7eaca31924dc98c8b2e374ed06398 1
33 0 24c7237d8a4b482389d3b4d9d5b88f35 2
33 0 8f7619ff18d94583952d4e0bfe917d95 1
33 0 2cb6abb5d1d74a96a7533f44585603f9 1
33 0 e589e6f34b2f4634b33e8328dff06abb 1
33 0 22d142e3b9fa4a02a48653f0a38cf4ba 2
33 0 771403b487c54c0ea8949137bb4e2a68 1
33 0 cbe2d36af3c24841aa2a6c88b9654a38 1
33 0 b254ddce0d2646af9814efd8fd552e98 1
33 0 eb2dd731a16f40ff89a5bdd451b67a72 1
33 0 675c3e22cb534422acfc8b6fc523adf7 1
33 0 9709bfb1ea544513a4cc54227e786d3a 2
33 0 67f61754739b4597b736330a7ce2641e 2
33 0 29d646b2f4e34e14b8c2b6d180581ee0 0
33 0 1de483084d6f4151b49192953acc7d6a 1
33 0 54afe6d6f3a84fb38b892855eed066a4 0
33 0 18321400c863498d8477c5bd4625fcd1 2
33 0 5f0ec02a939e407598fe0f5901af746f 1
33 0 7150d2835dc34e60882a3cf17fad4b6d 0
33 0 2f072a981bcd42feaacc70a3d3d70eb5 1
33 0 9208ffde5ed64eeda9a59bcc1a8bb336 2
33 0 c1ec349eb8bf4ebe813aea649965559f 1
33 0 03c1d8e1d3284cf7ba650f4ae7af6637 1
33 0 4d6b72ed70f44588a99a2f0c92e51d8d 2
33 0 f50d077d16264fb2a8b91ebdc31abc54 1
33 0 8be171f68d8f49739d1e0aaa5f1aa39c 2
33 0 20d34f996716494984270b946d0feddc 2
33 0 3fe4483ed73d47a695d4c844d93478c8 1
33 0 f5717d2adf9c4066a3090864fa1204b5 1
33 0 c11df47b78d54790abadf38e0cf46205 2
33 0 32f18213a96a40f6a112780b149cc4c5 1
33 0 07220a796fff400695bdd6501c0c2859 0
33 0 2175371dd56440698435895467aca5df 0
33 0 70b949f614d64ed1b51eb1e40c2e6643 2
33 0 ff276c40e7fc44c088433215f23cba02 1
33 0 53738aa1b9c84b93ba79a58d3153fb4d 1
33 0 ace2ccbbe150472abf1796285e39aaa1 2
33 0 84e2200f28fe4867ba5b706437d08522 1
33 0 b188d0e7282e4d3984d960b71c494cba 0
33 0 23790095150b4cc682d0b0f8f3860c49 2
33 0 4270b82d33914946a6da18d37f2c876b 1
33 0 0d19415c8b2b4cd1944b12d1e6cfd303 1
33 0 42fa7eb248294b42bc1d6eb51f52fa81 0
33 0 7a78ca620fc1436b81cc584806083970 0
33 0 8bcfb74d48144375902c3931f312c786 1
33 0 9b55e2296f204f74b2cb12e27f1bd40e 0
33 0 a656a1c9485748e5adfebb2c84a074c7 1
33 0 f6bdde7c51aa4aa8a3457a728c7ff871 1
33 0 33b6b99befd341ab95a64f637d955670 1
33 0 f6e4ccd840ac41fbabdf7c6685b0d197 1
33 0 3f1aa4a08a4c4e669756eb2a6c6809d6 1
33 0 12cc8dfb3f894c44b4dd8ceab78bb2d8 0
33 0 013139b4736c4d2cb428440de42059cd 0
33 0 f2a7021718d84091bfef314b0cf57d16 1
33 0 0475a03b49044104b93d0947dd284b86 1
33 0 7c9d3a7b96da443bb52731335f59b35c 1
33 0 25afd75fb05d4a108f087e4979256ec8 0
34 0 c7314c2887be4190aa2cb175c88ecb4b 1
34 0 5abb58c248824f1ba5ea55e5464cf5c2 2
34 0 ec04b7c4ab624a32b75eadf7e28c2cbd 2
34 0 755a2a19859a4d648d0e7e9387cbbdfb 2
34 0 612c4f3c4f0749969597c96f752400d7 2
34 0 f8c8f489754e494f8306dfb6e6927b11 2
34 0 7450f366277f497eab6317579586e2e8 1
34 0 5a692be678d848789a3f0f0e72e6f9c9 2
34 0 bd315d4e736e4f3bb17734ffced786fe 1
34 0 60dbf8bb06774ddeb3356c642e55ac6e 2
34 0 c573e2778ac74ecd8d9be00790235fba 1
34 0 6ab5ba5198244630b9a5076b82cf2b47 2
34 0 c7e1d27bf38b43b7b2f41f553c2b39b7 2
34 0 fe3d587ab3ae43beb7172d0544c15e5d 2
34 0 abafe595469e47f692b4ad9099f3fa41 2
34 0 e9ae7a96aa584cf08356ce130046e272 1
34 0 dd9b08eb806a430cb9731c9bfc11d03e 1
34 0 5b3e48c791624f888b8e08d26b5e2753 2
34 0 426a7e67b1594623b65cfe4431c8265d 2
34 0 9f9a0e3a769c48d2b9bfa712a269c272 1
34 0 722c43fde288491e9ac38a7ef0b37824 2
34 0 0d990fa14d1a47118204952aae9007e2 1
34 0 951541e30d624826a046a14aa422f9d2 2
34 0 4883eb836da14d94be172d67709356ed 0
34 0 2047fb68bff748b3ad26ac04a72a6d30 1
34 0 a0ccccac1cb84c0290f048db84862478 2
34 0 450a2b26f691467abeac8f174ff41d0f 1
34 0 1bda25e3d27f47c887bc8523d21b657a 2
34 0 1817d0194c71480d8e7f388104438866 1
34 0 bc0869d6629c417083481b6a14587b10 1
34 0 f93ec8c98e4e475e83af6c39e4c26601 2
34 0 6c2f8c6604454269a65a169bc3910d5f 1
34 0 3dafddff21ca49f1bb834da769b3555f 2
34 0 4748c30c7c2f4aaa891123f9f5672ab8 2
34 0 06f0c43737a348a4a7599bb762022ec2 2
34 0 26ce1afaf19e4fac8d98288f757d3aa3 2
34 0 675dc49b32c9495db44d26bc23af9254 0
34 0 144ae01adc7242158fb64465deb71333 0
34 0 2fd19c7c4ab3438e9b8bad5a4e59308a 1
34 0 7f136f580067479da6ba58d2ab52357b 2
34 0 e66c1aa6a7434dc7a8dead10d730056a 1
34 0 a23fa6759fcf4451b9f1f5044b566643 2
34 0 6c5f91f66c4a44ad953b15c6f250bbb8 1
34 0 fc4faef4cd044989874905133d8cf55b 1
34 0 745ac4e1cdf348f1a3fd2a2cf5dfa2ec 1
34 0 dccf8df6998c400b8a706469586787b8 1
34 0 7016fe697e5c4e4995c3f4d899ad89d2 0
34 0 06180d11fdb844f28157d0814476ca2c 1
34 0 b8ea5e4ddef8460a86be7bc137447ca3 2
34 0 c5df8e08036645e4b6c53e6738e9f05c 0
34 0 d748742db27d4aefa2fb30e1ccaa27a1 1
34 0 7d3a9e3821044fdc9bd2aaded8e44356 1
34 0 85261618acf34ec5b93729f95f6e9d26 0
34 0 c2cf9e8a6344412a9fc3c24136c68be7 2
35 0 b0989f43d74249f88d3e14ba383cd9c4 1
35 0 5387377f744e4ea3ac241f05966afb33 2
35 0 4c7a93f3ab9e4be9973fe11603396687 2
35 0 8066bb2ba57e4e5d8c7ea872ba223b2c 1
35 0 3a4a167dec7f45e5a232bf308e9d82af 1
35 0 92eb5acf00ac43fe9cb7bd1bee10beca 1
35 0 c20ef77f368845aebabd4c6d6c06610d 2
35 0 248a72c7309a4de993b3c878ac99fef8 1
35 0 87631eae870a4314b1dcc1823189b320 2
35 0 45aeabfd7ab24a02a2b97f83004fcf1b 1
35 0 ba26215907cd40429e4e807a341ca510 2
35 0 e68bde64b93d447dbed2c25a9467dc61 2
35 0 0d67ec29751f4ceeb8907d21f22d0258 1
35 0 b0687fecdf9d477e833963defdf74e10 0
35 0 4f9fbb93c3d442298e590a05b83a4797 0
35 0 8b7a9da26fb64480a8003fede84a555a 2
35 0 00869956626247c8a8356ad14d1de111 0
35 0 444f9d3b2577485d81a0dd4512f79a28 1
35 0 27bcaa546d42420f9688b84dd3e0f43d 0
35 0 747a0969832746ee9a85d1efb8b25dc4 0
35 0 79347d005f7247278204f20184825edf 2
35 0 0679f943e97a4b3781519f8367d89654 1
35 0 787e71cb6022445b918e4b3a162e9516 1
35 0 1ab44d8d8ed14866a202c7670ed7ee77 2
35 0 8cec3fd25b6141f988cc5df1c5b84f16 0
35 0 056680138cf14dfd828a3695993aff3b 1
35 0 76743ce5e9714fd7a333305d864ad33f 2
35 0 849c8d3d6e6443e38536d38ffd6921b8 2
35 0 d0f3d5c0bd1a4555ab450f158a352332 1
35 0 9668835ddb6648dab44690aa02ae838d 1
35 0 41d1445f151940639d0f7a17a8de03bf 1
35 0 814ef2b4feaa4d00b802b3523ee0585e 0
35 0 61a67910dbf54478acf37b78aa9c26b5 0
35 0 089ca780883942ab90a9b76605d4e135 0
35 0 885a9c55d4bb4d049b14200f2a7d8f0f 1
35 0 ff276c40e7fc44c088433215f23cba02 1
35 0 de25a80a639041ef922502207d7062f4 2
35 0 d315baa3eac248549d5a3030bc91d8a3 2
35 0 1e6e9e9076954c1f80143cf87ef73ca9 1
35 0 301123460be142aea7ffb2cac9d539a1 1
35 0 836e9fac314a4bd698adca53255b22dc 1
35 0 74a358642d7845aea7088d7cc2a30564 0
35 0 6a8a213816e041fab9f92e01be442004 0
35 0 7540b0b4afe24f50b558e451a8e5db0c 0
35 0 adf1a1423f6e4114b4e67b68d6da84cc 1
35 0 9cd7828542584e07aae6d9899ebe9694 1
35 0 a656a1c9485748e5adfebb2c84a074c7 1
35 0 469d638078d3431281729429bdb2c5a1 0
35 0 2b69bc1aeb8d4c2383b9be4b1b20059f 1
35 0 c011a46fd48247d0b2103011c4308481 1
35 0 66ae3bc0f5a740ca8bb8181ee609193c 0
36 0 f7605fe09eb84727a05e7edbe2471099 0
36 0 33e3cde5818c4a48845e7d753d87d0a7 1
36 0 161338fc0d0c4385a973f9d861940566 0
36 0 30ac104c823a49729a873ea581aea6cf 2
36 0 b18190f8ca8f456d8208f56d2ad8b7db 1
36 0 6659b8d0711144e8883ee31dee443dd2 0
36 0 25ac6076b8984770948aae508b3c9c6b 2
36 0 4ebec1b212e8452e8aeb24ed51a6e8f6 1
36 0 8073a731369e43de9d556785949a955f 1
36 0 7cd2887ad6e1422b92908d72e51fc21f 0
36 0 0688580d980c40bbb8dfa21fda686bd5 1
36 0 7a3fdb26abb245b2bd93eed928f86104 2
36 0 ddf6c6cb08ca4da4bd8ae4eae20dc32d 1
36 0 aef9c2e29a294138b6f8ea73a4c8d360 2
36 0 6f8770ba46624c69bcedc1e9dedce575 0
36 0 4a9156f6fd9b44f9b6eae578913a368c 1
36 0 133ade1dde9549baae031786b6561529 2
36 0 e559003c760f4557b5919c29f218802f 2
36 0 02542014ba124d3ea3cfed3d02607e82 0
36 0 48dcfad51d1347e5b2af7df926c41fa3 0
36 0 d4f28e4e9aea406aa230daaa29d3713b 1
36 0 425c5a43b60b429fa801e9b724091bd7 2
36 0 750396d8c2964a3d902c416fd56f054f 1
36 0 270ab4fb8a474ec3a5971934fb9e2a87 0
36 0 3c3e97195d174e6692216b4df5002888 1
36 0 90e06d14aecc4f26989465731d25a23d 0
36 0 1744de10e6364a2a9db905f631aaaf5a 2
36 0 ea370face82c4fdb9285507177ba6721 1
36 0 f36deb0f1a8b415286bc59f351fd2ae3 1
36 0 7251f499927d408996747ff6e80e9ed1 1
36 0 dc829dbc156846d5b4cb0eb170bbcd3e 1
36 0 e1e741baef994c0aae9fb89e22f2d97a 1
36 0 ad1cf87a024440da94c2977830faf941 1
36 0 ec1c985a21f24d079087acdadcd91049 2
36 0 b539c46dcb1c42d9b86e0226670c0022 1
36 0 6f8770ba46624c69bcedc1e9dedce575 0
37 0 c545672defe04ad2947ebb6b18cff3ec 1
37 0 ddbeed7e913647cb96f077ce75e3796c 1
37 0 e3921dcd82f84e3fbf6729f5d4d21733 0
37 0 eb0debcedd7b43e38604001fdae71a58 1
37 0 9d5f4572038d4855bc2e53f2b799b833 2
37 0 8f749853cd4c47d2a5b819c73d95c820 0
37 0 40af617cd1bd4a9facc58f135e74c196 2
37 0 5c90ed8f434a4fcd865d232256cef484 2
37 0 c15bcf8b76bc4cdab8b6bbc9583921ee 0
37 0 c930bc5b3da042938bd0846e7d0fb146 1
37 0 10aa7ad27a1b42c5a1aa81a6317a98de 1
37 0 b85be4b2f1764022a1d0777f80dabec7 0
37 0 32f6637b9d204d08adb38d1b1fe598c8 0
37 0 da177a6e90744d158eee15a775bcabd9 1
37 0 c71a7c029ab34faf86225be56b11f88a 0
37 0 e19572ae55d04f389fba079e1f18789e 1
37 0 e12f6f80c0204215929cb7ff731f9c22 2
37 0 fd94ff9e2d4e401daeaf9d5af5bae06f 2
37 0 e277182904c84792a38128e8ced1f9ba 0
37 0 756fe21e886a414dbf593ab1f48c5ba2 0
37 0 5c6caca37e3c4293a006e7c455b56692 1
37 0 1e00b871dbec421abfc52c4f9c638c3d 0
37 0 c4fd6d7e92e44bacac174c09e60d1711 1
37 0 d7b3415063fc49f0a9c9343dfa8f9a8c 1
37 0 0319e24752164c5e95e901d7a1c43ba9 1
37 0 36c48b2f616e4c0e856a35598f61de96 1
37 0 2ce22719a1004fc0b9b3687483def86f 0
37 0 34a9fcc08f7b49d1a1af3707aaa95b9e 1
37 0 4025dd9fd31b434a974379b199b68499 1
37 0 d68e983843d34ca6a5d45d25d115151e 0
37 0 f3b87d2ba44048acb0d9267fa2fb863e 1
37 0 7e5e3cee161a43e69540aa2eea69a21a 1
37 0 625a55ca01d74745b1f01de848219f2c 0
37 0 f04fd417e267468680aba7f3ada09680 2
37 0 a8820fd35ba245a68803ba7ecced7e5f 1
37 0 8c24920f5d9446759cd11b31d516f4d7 1
37 0 eea1e5bdb30f4a72926270ae750214d5 1
37 0 8bb5a57904ab422e87bbb0ef3944829a 1
37 0 9cbf0a22e4e6406d90a8bfec1110db9e 1
37 0 8a9c528d04a7455fb01eea9fe5c6a050 0
37 0 6fe79f9f85374bc2b2ced4b73c82a1c2 0
37 0 39b6202316304e7eb4e5d483c67e13ae 1
37 0 26c8c3ff667647e4909261b9b378cefa 0
37 0 d474d9acf11b4006abc0b77f0d0c93d8 2
37 0 1f6a39816b1047b4991ceaff2db6cb5a 1
37 0 1fd53fea3b43427ebb2b1670866863e2 2
37 0 dc0adf30cf6c466a8b7af30e926a297c 0
37 0 5d6962b3e3b84538a3d545048f919a8b 1
37 0 0c2a7261fde140f093a9a161aec0a879 1
37 0 3ad97e4ae9f04bb0a4aa3f99b03669b5 1
37 0 09e213e219e7412e8f26a734c8f483bb 1
37 0 b9b9328e2f9a4793b10f495c79195fe9 2
37 0 66f00f466c1e491f8147e1a386146d08 1
37 0 a4e30a7f0527472fbee0ea78ea58e1d1 0
37 0 ea821c0269e144c18ca44e23a98cb0f7 2
37 0 6c6be7087e7d44ff81498f97bf6654be 1
37 0 bb5fec11100f4da586b04a39e68a6724 0
37 0 cbca6a862fa2441299c9f5553a4b9dcf 0
37 0 14bd9a1707b64faf97ff1e3fb1bdc80c 0
37 0 c3575930f943462fa640b9c8db1fc3c2 2
38 0 71ee8d8d120a488c8912078fc3eab417 2
38 0 b6d30dde974f41e8aeea6cacf139d38a 0
38 0 0d0227d7f3e346719bab77722fe3cf43 0
38 0 3c9bfb9a93ef4fbfa83029c1b2ea051c 0
38 0 1ca183094f0a43d7a40240ad59a0c58c 2
38 0 6d1c83d636fd4759be2daa289fd3dbb7 2
38 0 52a992dda4444414b5a8139cd375bd8b 2
38 0 06152f5a394f4d989e59362329e09a66 2
38 0 f4aa1335c5ea4cf8886254c2bf86738f 1
38 0 b5e4183fd5b34256a407145fc7337388 2
38 0 11577360a2654932aa23cf1fe34efeab 2
38 0 26e10331b2654dcead652707a35d6d3f 2
38 0 38a4433d8d0347b09a54ee45121cfc71 2
38 0 b0e3fd69adbe4c0ea7d81b7a8362fe67 2
38 0 a073416149a04691b3986f6bde8a915a 1
38 0 e962bb46ffcb41b2ad819697ee7a5baa 2
38 0 3b69a1bc09f14d5793fbc6b257b88a80 2
38 0 977e86cc3d864bd584c68faca0973c12 1
38 0 6c495e59e1904e2cbde29e37cc7fb4d8 2
38 0 bdc552c158ce48a2a6c915e60a9f7b53 0
38 0 2a17c4af7a82414986c04cf8a60daefe 2
38 0 d3d37612be9a4e51a53406ce8f27cfc1 2
38 0 52fafc2c1c2f45c3914441c3e030ff2b 0
38 0 95aeda4f27da4cbda402ec8961ffe00e 2
38 0 d74dbfd908004f9bb4e1323c942f889d 2
38 0 f4b1e7057c904a0a982d40ab7ece1846 2
38 0 3d61fac6cb9e4c2abfae9fe702d7e2b0 0
38 0 ee248e5836904652aa87aceb4628687e 2
38 0 86c6cedc76944966a4b5016b04f67917 2
38 0 483fc38be84f480b9a1b00f636f4901c 2
38 0 b18bf088b2c64d19b7c6ca2a5c79c39b 2
38 0 1e15e968535c457196b9b0b9bf64b13c 0
38 0 52c1ed81e67d43a0b023948279771e70 2
38 0 d5b709e0cdf94e0aabc3e7cf7bdf0a91 0
38 0 cc0c8ce88a99469aaf3412197167427c 2
38 0 549e486f291047cf82227f99fee9312b 2
38 0 177989d2414145e38d5714d028d698ea 2
39 0 2cbd51bcb589477ca32e376262727787 1
39 0 c545672defe04ad2947ebb6b18cff3ec 1
39 0 d0f3cff10ae3475797b73a349f0b5dee 2
39 0 041334cfe7274a249ab98154e9acac2a 2
39 0 5be27890665e450195598a7104316b0a 2
39 0 d6a8d7b5d173435f8e50cf5ea96e3dac 1
39 0 1e201c4682de4ee2b30c378e63c36c61 1
39 0 3b7344257efc46509daf47a793a96b13 2
39 0 9d5f4572038d4855bc2e53f2b799b833 2
39 0 34ff6d9fba12465aa7b3856ecddcceb5 0
39 0 0146ea4f4a9f4c5db3b5a1b3713d7bbc 2
39 0 5969c9c5e93a44b3b34b110251c4a68e 2
39 0 87d22b5b6e7b4b7a95ecb3ec6a9203e8 0
39 0 5c90ed8f434a4fcd865d232256cef484 2
39 0 2326fe3dd3924c6991f35cbacb2179db 1
39 0 b85be4b2f1764022a1d0777f80dabec7 0
39 0 49a08d0500764bbfae29ab0768de394a 2
39 0 90b363d5084d478293afe372965f78ba 1
39 0 eba852dc44294644925afffe04bc5c40 0
39 0 5b02c1bf3eee4ecdbee439c5d6a5f1fa 1
39 0 9b3ced91d0c34039834acd25dbd87582 0
39 0 72b982d255b445108b3bc6a474441152 1
39 0 356f7d87ef744758839edd345d40dc0a 2
39 0 c4c27b8bcd7c450ba4a1908d8cfec474 1
39 0 ef955e413a894deca14e5487cef20cbe 2
39 0 536d0569aae54e6eacbf5570c001634f 2
39 0 bfd8a89e5f80445e8043501f40b8a43a 1
39 0 678d46d223fd490c892c42b14320588f 1
39 0 02324cf29a7c4a0ca9afa77255e3f8e9 0
39 0 cc86664c59e34bbdb30d68c8f1240e56 2
39 0 f270e944875e46d3a0710d8308085dd9 0
39 0 c5bbad64b16e4bd397d7a4c34dc5a846 1
39 0 467383bdbdff45ee9020be305c611183 1
39 0 e0b1447fe4674d339b65ff3db72c010d 2
39 0 a08ecc85a5de4a439909acc8a9772a4e 1
39 0 a3cc0e3854df498796e2b1d5732c61af 1
39 0 d3afc727c5b74c1b87e4596b5292964a 0
39 0 289f2d999f7c414c9588cd0fb90b29de 1
39 0 8a9c528d04a7455fb01eea9fe5c6a050 0
39 0 b28201342935465195a0079713a43d26 2
39 0 d474d9acf11b4006abc0b77f0d0c93d8 2
39 0 6762d2ac5a2d43deac4a2da89e243b90 0
39 0 e82ab69e541941d99aa943e0356a759e 1
39 0 3745ee97cfea4b059461fa05a38f4437 2
39 0 ce6098c2ac8244369bf575f1201ceba1 2
39 0 183972b404e04c048b667ed2a7de1932 1
39 0 c2eaa5f2010440b7bf04962d12e0c1c9 2
39 0 aad734cea7424b0f8a1774da37f2d8b4 0
39 0 d618e10e366e4a999a7fba841c2b9ff3 1
39 0 66f00f466c1e491f8147e1a386146d08 1
39 0 7751d4b7158f4947a7032ec788ea9eea 0
39 0 bb5fec11100f4da586b04a39e68a6724 0
39 0 cbca6a862fa2441299c9f5553a4b9dcf 0
39 0 f00dea48a21646fa8b37c687501e2961 1
39 0 d34b8a6dcb864a87a7fc45695a6f01bf 2
39 0 8994b7a468ac4ebfaa1f0f94d0679768 2
39 0 21d5291d66bf414f82aebb08b2c78902 0
40 0 38920e97d233426d8774254f6f0ed9a5 0
40 0 72aab611de1b4e43b9070ef431025de7 1
40 0 3da8110c84fe4c829be861b5956aea62 1
40 0 041334cfe7274a249ab98154e9acac2a 2
40 0 5be27890665e450195598a7104316b0a 2
40 0 3dddc32cbd5f406da2119e8ee4840cbc 0
40 0 a552ba1cf4364decb395f95477234966 0
40 0 62ca9d65830d47fa8d1f62d11c66f70e 2
40 0 5453c01b69b0420cba800a6db9bcef4b 0
40 0 2724db98984e4916bbb3cc3e2656d01c 0
40 0 8a943735cc1e44469f0cfe9de904843b 2
40 0 9461f10f9b144ddba48d06b65f2febeb 0
40 0 5f51d006534a4a4a957c8cb17f48d6e5 2
40 0 7a6614373a124f619279e95761512cd9 2
40 0 4b22227d68eb46f89d133b65ec0cea9c 2
40 0 5d8d4d8cd19b49f9a895c0ed59670810 2
40 0 5c25be395c384a8695ccea046768d5aa 2
40 0 4c637c85dbba4a0b845420ba4faed9eb 2
40 0 1e8d84ac27054ccd97843e884df1fb9f 2
40 0 289c0fc9bd744117a2aec41d06a4de14 0
40 0 c4b7898cdfe74baaaef8618d63c1fd58 2
40 0 a073416149a04691b3986f6bde8a915a 1
40 0 befbc337cecd494d8a4e4eb7e4c10f26 0
40 0 bbaef95a65f2425db496879243762b68 0
40 0 54c3752f0a0c4cb1adcb7cb16b5cb409 1
40 0 bc73c2279a594bb39c16c029981a4873 2
40 0 4a21a53f39cd4851afe8f98d20928993 0
40 0 5d3419c3e3754fd28b9d637760f1514d 2
40 0 6871c81173e742e0be997c88cd8e9d56 0
40 0 694bb572631d44c8a5e7d421b55e6d3d 1
40 0 e46741acb65e494893ac0c64d2655575 1
40 0 314a0f31658b40db98720d24dffc9e98 2
40 0 e82b1c32350d421c90c9d88f3987202e 1
40 0 b27780047822429a8729c9d0b7a27072 0
40 0 35dd10246ae9449bbc3b549281fcd965 0
40 0 37a5ca0d6b9543f09eef5ed922f2feeb 1
40 0 ef513854c21f466d9209ed4ec6695b5b 2
40 0 021103c7da9342988d8e056eb2988adf 0
40 0 104392bac67f4397ba0e8edd2ad8f35c 1
40 0 7cd643a9ae434fa798c91a5538b97436 1
40 0 819b69923d304af585ebb427d07c7f0a 2
40 0 57fa92bc89bf40bc81a394f70809aac1 0
40 0 a3cc0e3854df498796e2b1d5732c61af 1
40 0 3edbfed188844d46a7a350d7f2fa7e3c 0
40 0 1eaa0a92971d4fc4a6395863356d244a 0
40 0 d95126beb6f14da0b9612771395c6761 2
40 0 5c0b93b3efbf427ebf16f2b137d9ad7b 2
40 0 7e736bf48f1f4fb7bb16527bfb22ea9f 2
40 0 21911db039644795a6177c0797c4544e 1
40 0 66b2cb36fe6b442d897f2560209af690 2
40 0 e6ce3c314791482080282065e6828a07 0
40 0 ed7c0c56f4284f8ebdc64604c5166f54 2
40 0 4af578f35bbc4148890837c872385150 2
40 0 5d33c4a8027649e0b3df2de2d4c30aed 1
40 0 463955c8bc274493bd9c31297e9c934b 0
40 0 e3737eecdb934aa58a1640c5b6675a2d 0
40 0 38920e97d233426d8774254f6f0ed9a5 0
40 0 a03750158de84e34a0138abdd421ab1a 2
40 0 a195412f46a44698a91b059f464f4b4e 1
40 0 99fa32650fb3406a82c230cedc18fa0b 1
40 0 4afacf709a4745eb913fa36b660ebbbd 1
40 0 72b58c05acaa4a3a950152c38b19174e 0
40 0 8fe9563f5b934dffb2d7f9db8cb5196b 2
40 0 2759209b042e4895b8c61e22f91ce553 0
41 0 6ac6d823bd7c4571a36bce0b32c242fb 1
41 0 0112b9ea4b0c485d80e8a079073a3d0e 0
41 0 be673d9109d5449bab7dcced7be5bcf7 1
41 0 1262fa1c1ff3466a918de98a9b64b20b 1
41 0 a2d4cab695e64e348d7f51f7d48f2aa9 0
41 0 b5dc6d001f6041f6b40380320fea6394 0
41 0 e1157109ebf14341b754d928bbc09807 0
41 0 82d4a25833e44c3d9b7c2b7f24060060 0
41 0 5e39db11f74a44f0818692a95bef0ac3 1
41 0 b63477d34adf418c8046af8f58419289 0
41 0 f9ac8fe27f0e49668519ba5bd9a47767 0
41 0 5857230b30954ff3a8833ea2b31480b2 2
41 0 2c55833207c94c2b94ddb2262b1a5509 0
41 0 8fda918a78374811932a433e7a466bce 0
41 0 db27ddb1239c44b9803c568339e105c3 0
41 0 29c6a44d9d3c4ae3a5648334272bfea1 0
41 0 4dd1ead696874a958274b3fc0822f280 0
41 0 447559cba68943b6b6a540927545cf8e 0
41 0 25d2e702507b4d07a6c83525f52d79c0 0
41 0 d2a0bc89642348ecb66b6a176249fb57 0
41 0 fcb3ce5fb31644e096553dde3527cb73 0
41 0 151f1ff3854e4fa59c16cd0362f07cd2 0
41 0 95c66acac87049b28d262ce2c5bc36d0 0
41 0 e1518bf9ea6c43fab2de817afe404ce6 0
41 0 ea3cc2a2fcbe4377a3351f24d4220117 0
41 0 81fec1146b9b491fa155776368c2a563 0
41 0 3d569beab954480ca5beaed34ef28684 0
41 0 23f0b10126b04b408aa4e1010b21b404 2
41 0 a04a540045944e7089ae76c0d6ca861b 0
41 0 a774950fe7614c6b9fb421881daa0a41 0
41 0 8af938077c874788b7d7e67507f99bac 0
41 0 ee48f729687a451a9afa68890f53c392 0
41 0 b731c592954d4875b1bf93bdca76fef2 0
41 0 73185f42b8794649960210472789e7f6 0
41 0 dc416d2249cf48e5b65a1260293295d2 0
41 0 fcfbd00c18e54f95a624eae3ff09a59d 0
41 0 15b8af3ba8e94a7f905060216e3256b9 0
41 0 deb29434a8494114915e72564de81994 1
41 0 9e8866a8e5b544cda9fe36e7142d3d4b 1
41 0 ca6f8a5870cc45cc8f849c9b5feb9e0a 0
41 0 a0d4443f813d49f3b5bb4733650652c3 0
41 0 0ecf2c691d4840ec895616bb6327672c 0
41 0 80e5ec38b78840e8848fb9a0a3d0a935 0
41 0 801819400e934d94b3b1c4da565b5c09 0
41 0 e57d001dbe814322a0cba68ce8decd44 0
41 0 4739d9a176d9401a92d51f77bd6b6254 0
41 0 7673f6b1a7c446b7bb7087fb5dcbe35c 0
41 0 58ae98ccd0534461af58b6c8faa6ab0c 0
41 0 e55d708b7d97422490838f5bbc902f97 0
41 0 3dacbc83c6ed4d1f8e706eba29d54b29 0
41 0 d0389a93d6494544abfc723d6b0f02e4 0
41 0 7d8990896c4840d9a27d90d4e0474a0f 0
41 0 695d50c4480a4089a4e7033b2883d772 0
41 0 5f768403cb754992b704c22e35c45f67 0
41 0 ed4193f2e23247d9a11bbbef3a229757 0
41 0 91830f13ae4243369e4872eac144700e 0
42 0 ab66bf5a07d84c52a558466115cce919 0
42 0 759e8a550eee40a68422a7be3ea384bb 0
42 0 b1be6d7d958f42699cc95f9c5c0852a4 2
42 0 7e6bba9b8821464b812ec0cbdb678f79 0
42 0 8e00b975d26b4de0b5ee1089cd4ff260 2
42 0 af52159fd80e4e57bdf798821b7c1226 2
42 0 5158ec385c3b439f8beea07affa298f4 0
42 0 6be89760c10a45c9816bdd7646026bdd 0
42 0 af4d64af02fa4d02ae21ec9115dfd488 1
42 0 40d8fa0a653b41c69a537ee6c6384771 1
42 0 b45384d34bb0493eb0c2f4b5c5ab24fe 1
42 0 4544b16682624a029b5f0ddda339b550 0
42 0 4c3a4672eec74447962de8b52fd7ac20 1
42 0 0d250a80574a442db29ee8ff628d4ad1 2
42 0 8e8dbdf964344ec5995a71c48d6e70d1 1
42 0 573dd7664fd044f6a41f629d7adbf38a 1
42 0 abc4b2e9d7504d1eafed9012e1617c99 1
42 0 22e736db7d364b6eac6bbc424fe41d75 2
42 0 a83597d04e524e14a216eb3c05e80fe4 2
42 0 66c41060fc4a4f2e94c7329a08a67205 1
42 0 75ce48af0a3240dcb0eb0c129e75fbdd 1
42 0 78a1250072fb4e71a7b345d4a77194ed 1
42 0 95a51b5ef992439992a2d8bfc39b41d6 1
42 0 cf02b4a370b4490faaa7e4d7fd3d9686 2
42 0 97a27bab49ad480a97e20730c7ab3950 0
42 0 ffda83e3ec854e9ea34fceeb71f589e9 2
42 0 08670bf405db4e9ebc373d609b406698 2
42 0 2a857986f66e4f8f97602c704d7382f2 1
42 0 dc8c688de2c2426ebe799b867731b494 1
42 0 3e8b61fdb13d47a1855086babc883031 1
42 0 3fcf27e780f147ae96e799b5e3832615 2
42 0 1d9ed000f28a4f2c94bf7c72f0204c33 1
42 0 a442546344234166b6ddf11fa82cda4c 0
42 0 53828aa42dd7432e93a7f461a5609100 1
42 0 a0bd40c0396f4f89907f11f2cd5508b6 1
42 0 4e52275c91874a1196b9b63e5cce4ab1 1
42 0 047436e96e1a47e4988793380753ce3d 2
42 0 34e952797bbf4f7a8b97bd5e1179f59c 2
42 0 815f651eb7b44180a1f6ee621ec4509b 2
42 0 4ab59259f228493daf4610c81443f3a0 2
42 0 b0f5ff3e68cc4a49ad4c8f85a0553282 1
42 0 19f4141c080043c680ea604749532cc3 0
42 0 fd2da366edfa446fb1f3ac5a14999ecd 2
42 0 212ca3e7879b4ffe8af04b45b53ef2aa 1
42 0 a7c340a0ca30402f98f594438fe3dbc7 1
42 0 20896a09a9d1483d9df0d47047981457 2
42 0 4cba3d4e573642d9ad4c548a5e0e3d79 1
42 0 b7e30f0524c74551a67e692af87d7d36 1
42 0 0c9221d47a194f7aba14339a9f497730 2
42 0 b934162f4d1646cbad1e3b454f6b1e21 1
42 0 dd71f284bf644a0ab2c82e215c25202e 1
42 0 1f6de849952b462897c8ee06d5110f2d 0
42 0 4b332a5dccbd48debf5c93bcf0443c22 0
42 0 d14da0ddc30a4566aff865c46d1a3442 2
42 0 cbc59521082840f189fe119e424abc2e 0
42 0 8ada22e735624e02a3f81fd277226d55 1
42 0 5c19ffe5722b4a70b8744793bfd2512c 2
42 0 0bc5218935d3439688fa8c83b96698d8 1
42 0 9b416a567f5b4bb0bc2ce99cd2ab1e25 2
42 0 71f6b7b3ad2d4f689eec93c8e3e998ea 0
42 0 8f83b6d029e74d0fafa074fae7fd7d34 0
43 0 494840a8a12f4e76965524f2849b261f 2
43 0 77c0f82bf22942e7ac759cf6013a0d9a 2
43 0 08cfb763e189443ba86ed5a39d54b8c3 2
43 0 02c82fe2db8746ac8e6789efac91e823 2
43 0 70b90e6a74554bdb8052870be57ba783 1
43 0 4c63616421a24ed1b8295f482433c305 2
43 0 536e4bd00f734174a16b442e42c8bf6a 2
43 0 5ea8923290e94f09a08e066f5f95660f 2
43 0 4399d5831e4141c9928a6ebea4cef7d4 0
43 0 c92fca209161431c96a5529f6fab637e 0
43 0 787056de71474bcb8e38958276ea1734 2
43 0 4544b16682624a029b5f0ddda339b550 0
43 0 43e67df3d669454b85348bfd2bbd5076 2
43 0 fcd59f7b81324d678f3e284004811bb5 2
43 0 2853f84993d54935829dc2866d3f6514 1
43 0 4a99e657c0154da5a7e4ef3d0587a9b4 2
43 0 8e97bb2184b24dca867813abeb799fd6 2
43 0 2bdd82c9ef8a49b5b9b3894853359a3a 2
43 0 fc02e6be29724fcb8913dd85780183dd 2
43 0 2a857986f66e4f8f97602c704d7382f2 1
43 0 52ec57f6624641fd9ead16f4b62e4da0 2
43 0 113ce5319f96456e9597f04278a7aaa2 0
43 0 2e75de5ae12e405091da3cc76e9e1619 1
43 0 2ef76e6cec694dcd8b02b4f4ff5b480d 2
43 0 456a75769ed14d959dabf0cb84783258 0
43 0 74a66edd28f5485cbf1d9a3645ecc6fd 1
43 0 5dcb8ed90c7a4335916f28ee962d104f 2
43 0 a1bbc31955564f7dacccde55435fa406 2
43 0 6aa4028660e94d9d8fad210966e3fa72 2
43 0 f0ea7b5e5ee94f49aa6ece75051bc98d 2
43 0 e30a45e210f74422b47a5dce1b01c333 1
43 0 85d9b6bd1fbc49a89f3bdf223ca6fc7f 1
43 0 a7c340a0ca30402f98f594438fe3dbc7 1
43 0 7c269f5db89f43679a6968014f992913 2
43 0 9eaddb8d0768404c9c9eedba104af768 1
43 0 6a2aae9123fc496cafd6d676955e7b3b 0
43 0 17dd9caf717b4d429695eaa2367d1c61 1
43 0 00d520ca08c94ee48bc8cdfbb99cdcc4 2
43 0 5c19ffe5722b4a70b8744793bfd2512c 2
43 0 1c8e6e6ec50c4a60afe9b4ef08b57c36 0
43 0 cce44cab01e640cd84a4d30e57b53cde 0
43 0 8e71f0f4bffe46c3ba6ff783ccb663e8 0
43 0 0d64483758c84f1cbbbbf0ccd8a3ef00 2
44 0 a5f1e2d4cc2547e6b056039577aef5c1 2
44 0 720786dfef3244fbaabfe7269f78d0ec 2
44 0 c92643a688204a7baaaea708850c0b03 2
44 0 85340fcde5af46f3aea7bb80e7b2cdd3 1
44 0 25b4bd3ded1c43209975b82be2e6dd4a 2
44 0 8220ee5d5ae94547b361e922b79ed88f 1
44 0 843a1957b4204ed2a8dfd8a717ab79d4 0
44 0 1eb4cd6706554d8085cfe34e8cef64f8 2
44 0 0f558ded62f74de8bb02eb6c740abab7 1
44 0 9d7ffdc69e89489ab50cf9b24387217c 2
44 0 918c293990ce4b6081bd44ed486f6667 1
44 0 584332b904f84343ad0bfc84886e2903 1
44 0 1cbb9fdb98674585987bfbe331bf2879 1
44 0 26f38be0138f48b98b0910eb79a0e34a 2
44 0 4e69698d31604b0d842081e6c89abcd0 0
44 0 33702ecef97a4fd7862cf63be61a4406 2
44 0 c610b131cf6f4082833862b77d2812ae 1
44 0 4dadc54b384a4033a8434dcfcd45255a 1
44 0 8ca3517d7c3d4503924ddf3474cf4cc4 1
44 0 fb43d0a0dd1a4b56a9a7f33f6356c463 2
44 0 ab685bda12444f32b8829534b9090de7 0
44 0 393409b4da0547a18b5b1af24e35357d 0
44 0 995612295e6840d2a01709f72844d22d 0
44 0 3f8dff3778e84d07b01e9b45149657b6 0
44 0 9421e67d836c481dac83de2187cba9e5 1
44 0 6ecdefdf517d487989e3044e5a309886 1
44 0 0dda69560d6a453abd6676453bb571f9 1
44 0 ad187c27c8f640b2a2d4643514559480 0
44 0 0b0a641a41174930aa67b9ecce1ca383 0
44 0 dfe1941a990f4ebf83fc9b6600bcee19 1
44 0 b5dcdd4c13fe42f9ae7796aeaba39b20 2
44 0 ecbc5a4b02b54a929842280c74180c05 1
44 0 54b3633ecc8e4e70922d3e8b21a3a259 2
44 0 46cf1bc5004c4851a5e62af32ed55501 2
44 0 3a667ab4ded14e8891d0180e2944a1bb 2
44 0 e1282eb1fb3f4705a0b5463e797c177b 2
44 0 2614f6bb6d1844cb84067808e631b91a 2
44 0 e92927233ebf40f8a025681723a5e427 1
44 0 34e952797bbf4f7a8b97bd5e1179f59c 2
44 0 cec0a5fd2fc640be81ce5cc2b5f6eaad 2
44 0 f7d403801a0f4f2abb13c630c20a0565 1
44 0 88352ea48c3c4fcdbc10250e7a5c2161 1
44 0 efc379c41ba94cd3918381b2ceb27f50 1
44 0 246ec0bba4d0411983166f36c2be3258 0
44 0 ed38828cf8934a5a8f66fb1c913111e1 0
44 0 0743577765ca477891ca24a11169b837 0
44 0 c0ad876724ee4722a37c87530607c13f 0
44 0 c4c15163492242e89bb4bba822928802 1
44 0 1a7cc1fec7c14105b884cf38b3e026d7 0
44 0 3884da64b6794ba7ae8dd89035938607 1
44 0 8af5111ed1f14a2bba1275b17f9dd70b 0
45 0 09aba95a2ce94f56a5b2ec8d287fbd04 2
45 0 03e2a372f4af4428837a996929bc708e 2
45 0 5e7e9dba94b6494682b5bb8de18cd907 0
45 0 e0661ffe1c4d4069af7feb72fb3e2548 0
45 0 0009e2b28848444a9462d10fb406f6fd 1
45 0 bf69f0b3d180458593d47180ce4a8812 0
45 0 bccd6d0ce45945429f9b464a046e275e 0
45 0 091e2e2efa2743ed979e7d01e0fc4bf4 0
45 0 bc1e8769eef44688a3cf02e1664ea9cd 0
45 0 583295b60d5f4fb5846716aaf4bcb2b7 2
45 0 df3b3fe404544c928a1df40b642a98c9 2
45 0 b25b8332ef82488aa862db59c2dc50f8 2
45 0 c4750a741fb54c998e172a4e9f7130a7 2
45 0 e5d1982f4bd04375b3b4d9330fe00531 0
45 0 309c4f173ce1427da5247af0e0577b83 0
45 0 75f431ba29d342efbe001a4aef9c4a06 0
45 0 08fea7e6be704a599adcd22eef003c2b 2
45 0 d80466c5023a41b58de42b46f35e6e92 2
45 0 0c6dab4f6f7d41ca8690f53cf56265cb 0
45 0 0495b593564a41bebb1dc971070413e4 0
45 0 fde63d1174ec4018b1a46c9a60cdd5b4 0
45 0 44090976a570400cbdd7b8458f38c737 0
45 0 2956ed56d695442cb9cf9be22244ed2f 2
45 0 6132ebd06c9f45a3b92228a222082361 2
45 0 5d44aa7454724766bd38ccf91419e170 2
45 0 fc77d4df8cd345b180c70f29d0e394f5 2
45 0 f5200421a6e14e1bb1a6bf1f0abf1f5e 2
45 0 5cb82a83af4149fbbb6ddedd90b16f01 0
45 0 47cf9d346ac2452c8bc70648249c4b7a 2
45 0 b1684409ca8f49ffbc4d7721d8a1f89a 0
45 0 0f9df1471ff544ffaad9a23c0e8a778f 0
45 0 2e5debbb48fc4c4f855e0e16509addc2 0
45 0 abfa53d00e454c7ca0f4ad36cfdd600a 0
45 0 034a35b4116e475ab97c9761223b0a8c 0
45 0 354be03464c04f94b283c08d0b8fea53 0
45 0 29b8782b7925427db1b69f81d1d0f40b 0
45 0 589ba78210f5488e93b6975afc4afeac 0
45 0 a420ed7fef04431786b257429649f0e7 0
45 0 4f8bf4965d034194b12fe7f5ce8bd1ac 2
45 0 3663fd8ce52b45cca86aa7e69a0a2b01 2
45 0 9940f5f11c524a11bd9d81e8024fc99e 0
45 0 1b529297882e4e749b4b7e42335246ec 2
45 0 90d9cf507b9d49da9380be01634a086a 0
45 0 2574341e4b6644ba830a31d408b55211 1
45 0 17cf783290b149928b95f13afc0be369 2
45 0 7d96fd6261624c1b9218daf57a5a253c 1
45 0 a2a8e12afb1f448b90dc23f21e634c71 2
45 0 564abed43e52411f9627a8f36d2a9c02 2
45 0 9c040d6294c748a3bcf93e865920e9f3 0
45 0 e6389bfabb834e73ae1d4bf74aeaee68 0
45 0 2c147427b6de4e3f91d49de27acd42e5 0
45 0 64034890ad0b4d42b822bb0027562a77 2
45 0 4a2a956a794f4a48a282164e51e49e90 0
45 0 b7646dcb4b134afbacbe9a61a4ef914e 1
45 0 027567f2a15a40138740e727e3d166de 0
45 0 bc5f268885cb41379f06ced62f96adbb 0
45 0 c5840e5e858d4baa97ecf216dda4e6c3 0
45 0 bf5f2ac9b4454a79bd6848f10314bbee 0
46 0 5a7a28551ab54a738cdb274d89fc9bc3 1
46 0 5b67d0fdbd27469491a488f93cec6bd8 2
46 0 b867111b6b784244834bc24f3ec14421 2
46 0 a85d17bd0eff4fb4a727e81107adc6ee 2
46 0 5dc1639554844c1b8303fd53465ce8da 0
46 0 66b3513c37994e80b4dac3581be840f7 2
46 0 ae64d77ebaf74ee1839dc1557defa3a3 2
46 0 962c769da5b84bcdbd1efb3d4d579246 2
46 0 fb79745c20604ad7bdf13bf30f022fc8 2
46 0 c27b5605c1674db3bf0ecc8923624409 0
46 0 d4a9eec474ad447194c64c3bd7f218a5 2
46 0 b6e5fb26010d4cd79eedaa32a64b3708 0
46 0 c4750a741fb54c998e172a4e9f7130a7 2
46 0 78198a0581204099bf2f05e80b8debb6 2
46 0 cea6fef4a28741828204e7ff8d95859b 0
46 0 831e0c489e9e46e787d993f5db9f5a29 0
46 0 cfbb3817a32e496bbdd2a06dc5d285f5 2
46 0 1f903074a5e5403ebffa5c2643b6fdf5 0
46 0 c8efbf4eef9b4d6abdfa979fabae7064 0
46 0 f0598236c7854612ae4db312e6d7c460 0
46 0 c74deec691954cbe9df71efb4d691e91 2
46 0 de97a08d98114112b33ed9e28c4acbb7 0
46 0 08fea7e6be704a599adcd22eef003c2b 2
46 0 57b1eaed522140c191fdefc7fac1e683 0
46 0 11ba5d712c1e492f84d9d6b86c441c72 2
46 0 ba26c0fbeb6c4d409134193e36313586 2
46 0 52510028867c40ddaa8d4843a8676f16 0
46 0 0920284e908f48a29fe50aa264b0d7f1 2
46 0 97197c09624141b7910558f568d7a2bf 0
46 0 7e8d821bbc8a407483051307c9037e56 1
46 0 477a8ac644444875a39f2b3b13879f24 2
46 0 e18bed3e7b7b4a7d9c806478e27cddc7 0
46 0 f8a3170090604b938be5e9d2f90797cf 2
46 0 01e7546271d64f538162642c54e20fce 2
46 0 a9d45cdb332d4cbf8fd8686a0ad50002 1
46 0 cb34439e04784a3c85892f3409c89e56 0
46 0 27997422652a4da694c36dd57eeae9f7 1
46 0 1b529297882e4e749b4b7e42335246ec 2
46 0 2574341e4b6644ba830a31d408b55211 1
46 0 c402ed5468ce44579b585d3037719337 0
46 0 01877836f1a54963ae8b4d7c0db51ee9 0
46 0 ec2c0000b00240aaa8aac14f4f01c1cb 1
46 0 896a0edce41e4211bf74b51d864f0d39 1
46 0 84bf34e190964494ba292f04da00a699 0
46 0 2b5c9fe7c8bd46ac8be8a9ae0dfbedb8 2
46 0 dde06624d0cc40a6a2398d7dd7dd47da 1
46 0 cd922c98374b4f3480eac2ee039acdab 0
46 0 32f2dcd855ed4f469747383d517f958f 0
46 0 e18bed3e7b7b4a7d9c806478e27cddc7 0
47 0 ec4a681b854d47bd9f1b209df246b3ce 0
47 0 35715b27c2e341fcb469a584d0449b52 0
47 0 8cb3cd4c5bdc469592c5ae4202740b8a 0
47 0 fd63b38b6b4640fe913250357744be9a 0
47 0 a8cda067b56e4f208ac7167da3e133d1 0
47 0 a9b7350489ba4bb5aee41983000b6e5e 0
47 0 dfe50083ffeb46fb9840191e481a37fb 2
47 0 2176e1c9c35c4050a44fc098c872a8ec 1
47 0 f3934f6072ef4d47aad97701d03afd9b 2
47 0 ee1e99dde52d42f99031c57a1ee0cbf7 0
47 0 1d240927565143a5b847adb252dc98ff 0
47 0 2dd1bb0f17b44fcc916c7ba5d8caa81e 0
47 0 ebd3597ac2154a699a434525f032b51e 1
47 0 b39f091ae03149c7a8335dcc6f8d3eff 1
47 0 238de1ee72c74a0097c6be5b4d4569fd 0
47 0 a6801523cf40467797fe14329a4f2397 2
47 0 7f9e418466894fb394957ca29cc2f0d7 2
47 0 b9439e6f8e1649b5a0bd8b0b1c0e07e1 2
47 0 cb190facdffe49969071e2de30bfa96b 1
47 0 d493f62602c8427ca582fdf98bc0db5c 0
47 0 2d6e07f5ad8d4732baf64163facda8b4 1
47 0 c2a251b89e224009ac1765bf4dd1d395 0
47 0 c81654ed34b143fa8674a98cd0aa6f76 2
47 0 3f0a1fd594a44cf1a07b2d9fbefc6a7a 0
47 0 b30fa02fec5f4d0dbc65b5c91631a7f1 0
47 0 0b7268560a55488996abb9f7ad44c62c 2
47 0 752c66fb593b4a7e978b970fdd079884 1
47 0 4d1bc8ffd08b4f9fbc2c1fceaf30f21e 2
47 0 85b088477c0b4772b4a50c0b32638644 1
47 0 8b0e21846c924257b13623b7bd0a9076 0
47 0 0f0c8b2b0c464662875afbd6a6945c81 1
47 0 b74cea50415441e9a0de312979f64714 2
47 0 4a3405a16162433587ec450dd0be5cc9 0
47 0 c0cf58667030454caae2276ad8ab0e27 2
47 0 1b7d25b2866543b7a5278a4d414b4a88 2
47 0 ccda9c5c5a6e49deb28eaf8fd69da0e2 2
47 0 e1279b33f491455a976c770a6a927728 1
47 0 c4711221572f402c8ebeafc2525e9a81 0
47 0 a9d45cdb332d4cbf8fd8686a0ad50002 1
47 0 588b619ecb3a465a9049e6e28bcaf5fc 0
47 0 ab8320d4b4384655ba1c21672743bf0b 1
47 0 a5c33f900e1246d99563e959c7cffe2c 0
47 0 8028660e2b4a4a4e8d16fbf1cdaee12c 2
47 0 1b643faef4b749af94e4e8528738152d 0
47 0 befbfc49ea1c4e9794482ef908566d2b 1
47 0 f5d183bdc8784b77ba5258cdf144262f 1
47 0 03f0a604861e4bfc934a3d9402af47c7 0
47 0 3343cf15767d4c4c98f3bc04379aae28 1
47 0 86de43fd0728404cae1bf69538c94598 0
47 0 fd236cce75bd4179b3a5b33d1ebf2a8a 0
47 0 6d29ab5b4dc14a03a3ab8bc70867c8db 2
47 0 b314d1e2078240f6bc9e342fd7e37a31 0
47 0 daff7345711c4de99ce22023d4711c47 1
47 0 0d3e44848e2746e49b342c8064183ece 1
47 0 de6ede36072b47209bab887b26e61940 1
47 0 0d462a4bd3f74cb28df5241e8ac6d72a 1
47 0 2c329613cb7e4698b0b69bb3d8327575 1
47 0 cbee120522d646a39c9be8454b780368 1
47 0 3c1a71d1d2ec4ea4837edf5eb8b58039 0
48 0 5a7a28551ab54a738cdb274d89fc9bc3 1
48 0 5b67d0fdbd27469491a488f93cec6bd8 2
48 0 b867111b6b784244834bc24f3ec14421 2
48 0 7ff338e6bd314f15b4b03aab8c8cace8 2
48 0 962c769da5b84bcdbd1efb3d4d579246 2
48 0 d4a9eec474ad447194c64c3bd7f218a5 2
48 0 6ce262788413441cbb74ec3f93c39133 0
48 0 c4750a741fb54c998e172a4e9f7130a7 2
48 0 e33864de32ff4ccea4c26d32d9d1779c 2
48 0 1f903074a5e5403ebffa5c2643b6fdf5 0
48 0 e553202c247447568b0c33d9c8d1e633 0
48 0 ef0ee3023329498f973ea21464d4f833 2
48 0 e4f15bed51b94fd5b2fe2ea05362b3de 0
48 0 de97a08d98114112b33ed9e28c4acbb7 0
48 0 08fea7e6be704a599adcd22eef003c2b 2
48 0 93a99d2519ac4fa8ac900e9448c1ec5c 2
48 0 ba26c0fbeb6c4d409134193e36313586 2
48 0 95ebdce9d0554f09a6a74930064eabf9 2
48 0 e01b171eaca34e16a66bc6895c5d6d3f 2
48 0 9dd3012a423a41f4a3dc4f3521a5b1a5 0
48 0 1601a6f4ed7343ada868ebc84360d722 2
48 0 0920284e908f48a29fe50aa264b0d7f1 2
48 0 d53a902e978b4c88b4bda8b1407437f7 0
48 0 66dbad93593d43a49bc91ff4ac55ea47 0
48 0 e18bed3e7b7b4a7d9c806478e27cddc7 0
48 0 57f72fe4a0054a15be8623756690d462 0
48 0 5b2c58e6c8de45e98cc393c6f9ee37e4 0
48 0 cb6a7515403b43ba90f7e11115e4b388 0
48 0 6c9b73eddfa944f39c653be6c33fd21e 2
48 0 a9d45cdb332d4cbf8fd8686a0ad50002 1
48 0 333fdd2f08234b25a2a61b44470cad01 0
48 0 2d84cbf136d2452bb9b70949660fa4fc 2
48 0 cb34439e04784a3c85892f3409c89e56 0
48 0 e04c90cf4abd41b4a6a129c7a0da43af 0
48 0 d1148f60a7c84dc7b3fd125391bab53f 1
48 0 27997422652a4da694c36dd57eeae9f7 1
48 0 2574341e4b6644ba830a31d408b55211 1
48 0 a356038c97f0455580a7cdbb800b26ad 2
48 0 7a794b3fbd08417d9b6fae38acf5f02e 1
48 0 7bc4b50e78ae464387e10103cfe67b51 1
48 0 896a0edce41e4211bf74b51d864f0d39 1
48 0 f5b270f4498e4dbd830984da92ae15df 1
48 0 01c0ff1de9414afaa2319f436257aaa3 0
48 0 dde06624d0cc40a6a2398d7dd7dd47da 1
48 0 088e4fa3dbd04dbaa98719cb23d2a061 1
48 0 e18bed3e7b7b4a7d9c806478e27cddc7 0
49 0 6eb6c637ad824e6e8c8c152585027615 2
49 0 919ffdbf4c7d4b81bdc92dcc188707e2 1
49 0 b10d75ce443c4b56a2934b20a6087f77 0
49 0 baa7e6d366bf42a182dfe51b8456f0cb 1
49 0 5aa93609cc064d74a8831740b9e209bc 0
49 0 c1b0e6fb648748f19d10527acf77303c 0
49 0 fd9ddb31d536480ab6e8481087b335d0 2
49 0 a8cda067b56e4f208ac7167da3e133d1 0
49 0 72ee04d682184607840eb0779ec37c59 2
49 0 2176e1c9c35c4050a44fc098c872a8ec 1
49 0 6f14d5779cc142be8e55fd91eee2205f 2
49 0 a83351487d224e6b99b0c6e83db91cdd 2
49 0 6469cb5e66f7440eb751cee448d0386c 1
49 0 ee1e99dde52d42f99031c57a1ee0cbf7 0
49 0 d77fad349dc844d88ce52d7edc678a50 1
49 0 a120974ecded43d7856d34dd49b79ffa 2
49 0 38920e97d233426d8774254f6f0ed9a5 0
49 0 5b32a7d0dd174b1c8c56d20686254a52 0
49 0 e04167e569b246bdb7878b16b90ecbc9 0
49 0 db2c3a6083564168ba7e5ae615ecbd9d 2
49 0 90850885aea74c478be422704c81e3ea 2
49 0 c40a78ad8e3449d68017e5048d18a748 0
49 0 3bc2d2c3ca9e4de096eb73fa248c628d 0
49 0 a213c75033c543bdbc7b7e796abb23f2 0
49 0 52815d16c6524d17a38802686d35f1ab 1
49 0 8125ae155e0e4ea79e1859d3e3916279 1
49 0 c2a251b89e224009ac1765bf4dd1d395 0
49 0 8efb8f3389384505ad6cee4096c8fea8 1
49 0 d54bdb336bb34c6a8b14b63edf4a070f 1
49 0 207a9ab22f394d308223034c177437d0 0
49 0 c68cde8055474674806606a728d8f45e 0
49 0 abe5e1c44bcf4e13aac29a73033df812 0
49 0 3e606883584d44e29dc248a25e71fe86 0
49 0 2fbc746eb93e4e8a80900a52f3cde454 0
49 0 49eaca4ec36e4eeb916ea30def2d1444 0
49 0 a1210fd1bad043bf8893b80b501c17aa 1
49 0 4a3405a16162433587ec450dd0be5cc9 0
49 0 e5265b6f31164f80ba5e2b361ae71c88 2
49 0 23d4b59035e04edd9c4e649ce30acf7c 2
49 0 21d9c998b77c463bb7b0f8b43d66176a 0
49 0 abb240dec4d94ed7b71f7883e4eace39 0
49 0 0b76bb6aa4f645a2b828aca4cbe09e8d 1
49 0 1b7d25b2866543b7a5278a4d414b4a88 2
49 0 9b3842023a6849058c679aca86a9cbdd 1
49 0 588b619ecb3a465a9049e6e28bcaf5fc 0
49 0 a5c33f900e1246d99563e959c7cffe2c 0
49 0 1b643faef4b749af94e4e8528738152d 0
49 0 aea1633a6493488d9e05a3aa378721a9 1
49 0 f8afc800b7d942b2913d4b91aa8046e2 1
49 0 9a0f77a540b8433498150e562061c54d 1
49 0 83c0288c1afa4d7090e98ac0c92a16de 0
49 0 3376e12f23554473baca06241885ea91 0
49 0 03f0a604861e4bfc934a3d9402af47c7 0
49 0 d8ef28dc4ff7456d834e5741bf98dd7e 0
49 0 6d29ab5b4dc14a03a3ab8bc70867c8db 2
49 0 62a0c8329a8146a99804c61b1e343aad 0
49 0 4f1ac46db5cc411cad8e7ef39fcf052a 0
49 0 a65e09b4fe344b77a4e3b6b38244b081 0
49 0 52c3fd3bd9434990827bc30af7e092cd 0
49 0 ded114d5762e406e9083450670093781 0
49 0 1820d667679643f1ae50aa4ea2949411 0
49 0 4ddf3c8c33bb48e68c9c2e4a922c922f 0
49 0 38920e97d233426d8774254f6f0ed9a5 0
50 0 c6d1fb16b2974b0e83ffa1b104c1cfb7 0
50 0 b867111b6b784244834bc24f3ec14421 2
50 0 a05a84e207d44f1396fac6b052504380 2
50 0 5e7e9dba94b6494682b5bb8de18cd907 0
50 0 a85d17bd0eff4fb4a727e81107adc6ee 2
50 0 b5cb045965d542c585ebe95475f3bde5 0
50 0 bc1e8769eef44688a3cf02e1664ea9cd 0
50 0 511d43e080ae4c8881e699af9c0e9c0e 0
50 0 0f4f79c0e5ee4122bfa71eae555cc8a5 0
50 0 61d3ee4b4b6143b690a9391f7fbcbbc9 0
50 0 011199f894364c91b898ff8ff0807928 1
50 0 357e5f3dd11b457b8abcb46f70cc6bde 0
50 0 e5d1982f4bd04375b3b4d9330fe00531 0
50 0 309c4f173ce1427da5247af0e0577b83 0
50 0 e33864de32ff4ccea4c26d32d9d1779c 2
50 0 3cf211d4b8fd4884bfbb4b3c46305c8b 0
50 0 75f431ba29d342efbe001a4aef9c4a06 0
50 0 ee3fc67f8b324aa88590b2b5d4ef1206 0
50 0 ef0ee3023329498f973ea21464d4f833 2
50 0 2c1834235e3f48d49710aec2c9ef00c2 0
50 0 6746b8721e044c2094bb61e770aaa012 0
50 0 50b9262bb3f5479da9366f4931bb34f3 1
50 0 3ba28c1c3c8647ae9b0824dfcd12a645 0
50 0 8b4586fcec414be1b77aaff0c3880394 2
50 0 0c6dab4f6f7d41ca8690f53cf56265cb 0
50 0 264fdf7f359e4dd89e688877f11cfc9b 1
50 0 fde63d1174ec4018b1a46c9a60cdd5b4 0
50 0 44090976a570400cbdd7b8458f38c737 0
50 0 ba26c0fbeb6c4d409134193e36313586 2
50 0 77cdd0f6c3b04b5bbe79fac37c2ae63b 0
50 0 c5ae52e73e074098ba049a1af466ec1b 2
50 0 beddc265f84644fea58fe5cda50bbe89 0
50 0 0920284e908f48a29fe50aa264b0d7f1 2
50 0 fe3fe3fe77234bad93b17d9c4048f47c 0
50 0 bf691cd32f2f47a98b8f6673dd47ea18 0
50 0 caa7c7203c2049f9a5257439f5e7b822 0
50 0 abfa53d00e454c7ca0f4ad36cfdd600a 0
50 0 c3aa26df83074672b7c7071ff434b50f 0
50 0 5712e93843f14708962d1e4ab94d1461 0
50 0 c96ff01cdc7a48afa21d2d05ec07fb92 0
50 0 e04c90cf4abd41b4a6a129c7a0da43af 0
50 0 0e27d4e5137f47bba9abe8cb99582cc7 1
50 0 29b8782b7925427db1b69f81d1d0f40b 0
50 0 589ba78210f5488e93b6975afc4afeac 0
50 0 fd13fdd482d44991a64bd18c0eecb96d 1
50 0 2574341e4b6644ba830a31d408b55211 1
50 0 9c040d6294c748a3bcf93e865920e9f3 0
50 0 a356038c97f0455580a7cdbb800b26ad 2
50 0 f176610f00694370bb72afc0ca96974b 0
50 0 748731d015c649e589f9fee65262bce4 0
50 0 4206d0c0fa504c92a918083d1410e08a 0
50 0 648909aa33704dee80d34cda654ed0e3 0
50 0 b7646dcb4b134afbacbe9a61a4ef914e 1
50 0 bc5f268885cb41379f06ced62f96adbb 0
50 0 c5840e5e858d4baa97ecf216dda4e6c3 0
50 0 bf5f2ac9b4454a79bd6848f10314bbee 0
50 0 e4adf192c95d4114a131174f6df262dd 2
50 0 77cdd0f6c3b04b5bbe79fac37c2ae63b 1